0 0.2986310343500884 0.5703389314543356 4 0.13311329892988089 0.680022494725718
0 0.2986310343500884 0.5703389314543356 8 0.16793486307991057 0.6706118533908676
1 0.765943114706503 0.3900922863109837 6 0.8287605252565913 0.38625498885728904
1 0.765943114706503 0.3900922863109837 10 0.622206660208781 0.578306465797619
1 0.765943114706503 0.3900922863109837 11 0.8349521661172086 0.6122830713955654
4 0.13311329892988089 0.680022494725718 8 0.16793486307991057 0.6706118533908676
4 0.13311329892988089 0.680022494725718 13 0.020817117604193358 0.6826463131216594
6 0.8287605252565913 0.38625498885728904 11 0.8349521661172086 0.6122830713955654
8 0.16793486307991057 0.6706118533908676 9 0.2961266671618459 0.8724641496477993
8 0.16793486307991057 0.6706118533908676 13 0.020817117604193358 0.6826463131216594
9 0.2961266671618459 0.8724641496477993 12 0.06944163139992587 0.9374666777784119
10 0.622206660208781 0.578306465797619 11 0.8349521661172086 0.6122830713955654
10 0.622206660208781 0.578306465797619 14 0.5430232772062982 0.7247221777331234
