1 0.46814575135211367 0.7818325431969022 9 0.406618052327813 0.7324483356927625
1 0.46814575135211367 0.7818325431969022 10 0.6401865759885865 0.7335805208803764
1 0.46814575135211367 0.7818325431969022 11 0.3108818976687381 0.6855372928924505
1 0.46814575135211367 0.7818325431969022 14 0.5620669538275032 0.7738150825510126
2 0.7952812619564008 0.1433735580798633 3 0.5957275658800678 0.18156519506968283
2 0.7952812619564008 0.1433735580798633 6 0.6939069315203629 0.004237600411686859
2 0.7952812619564008 0.1433735580798633 7 0.633596027910097 0.040025088832798095
3 0.5957275658800678 0.18156519506968283 6 0.6939069315203629 0.004237600411686859
3 0.5957275658800678 0.18156519506968283 7 0.633596027910097 0.040025088832798095
4 0.16381496311738075 0.8399672557163638 11 0.3108818976687381 0.6855372928924505
5 0.7298457025003798 0.4389743616365803 8 0.7919046922883064 0.394748356961523
6 0.6939069315203629 0.004237600411686859 7 0.633596027910097 0.040025088832798095
8 0.7919046922883064 0.394748356961523 12 0.9920326842153394 0.4756893983766042
9 0.406618052327813 0.7324483356927625 11 0.3108818976687381 0.6855372928924505
9 0.406618052327813 0.7324483356927625 14 0.5620669538275032 0.7738150825510126
10 0.6401865759885865 0.7335805208803764 14 0.5620669538275032 0.7738150825510126
