0 54
0 84
0 108
0 166
0 290
1 118
1 120
1 171
1 206
1 231
1 289
2 147
2 166
2 217
3 37
3 111
3 135
3 159
3 176
3 179
4 131
4 144
5 30
5 187
5 274
6 63
6 65
6 92
6 105
7 58
7 150
7 172
7 180
7 208
7 228
7 260
8 39
8 46
8 114
8 153
8 184
8 205
9 76
9 89
9 117
10 75
10 110
10 154
10 224
10 237
11 32
11 53
11 100
11 167
11 194
11 257
11 277
12 15
12 118
12 289
13 32
13 62
13 100
13 194
13 254
13 283
13 293
15 45
15 118
15 289
16 28
16 31
16 36
16 98
16 229
16 276
17 19
17 188
18 28
18 31
18 36
18 42
18 79
18 98
18 229
19 35
20 82
20 202
20 223
21 24
21 28
21 36
21 56
21 69
21 79
21 204
21 292
22 87
22 133
22 149
22 161
22 164
23 26
23 77
23 88
23 152
23 186
23 221
23 243
23 250
23 288
23 298
24 36
24 69
24 204
24 292
25 52
25 119
25 134
25 137
25 141
25 151
25 170
25 172
25 236
25 295
26 77
26 88
26 152
26 186
26 221
26 250
26 288
27 55
27 126
27 127
27 175
27 177
27 214
27 275
28 31
28 36
28 42
28 79
28 98
28 204
28 229
28 292
29 53
29 103
29 142
29 254
29 257
29 277
30 63
30 65
30 150
30 180
30 187
30 274
31 36
31 42
31 98
31 229
32 100
32 167
32 194
32 278
32 280
33 174
33 253
33 299
34 259
35 85
35 261
36 42
36 79
36 98
36 204
36 229
36 292
37 111
37 135
37 140
37 169
38 262
38 270
39 46
39 114
39 184
39 205
39 272
40 81
40 128
40 183
40 217
40 241
41 44
41 154
41 168
41 192
41 218
41 224
41 263
42 85
42 98
42 229
43 67
43 68
43 155
43 197
43 242
43 256
44 168
44 192
44 218
44 263
45 95
45 118
45 196
45 289
46 114
46 184
46 205
46 272
47 64
47 66
47 249
48 205
49 106
49 140
49 169
49 195
49 239
49 245
49 246
50 78
50 86
50 240
51 69
51 129
51 132
51 185
51 258
52 112
52 119
52 122
52 134
52 137
52 141
52 151
52 227
52 236
52 295
53 100
53 254
53 257
53 277
54 166
54 174
54 225
55 126
55 127
55 175
55 177
55 275
55 285
56 79
56 204
57 90
57 128
57 173
57 183
57 230
57 241
57 268
58 107
58 134
58 150
58 151
58 170
58 172
58 208
58 260
59 102
59 163
59 210
59 235
59 264
59 265
59 286
60 247
60 271
60 282
61 101
61 123
61 194
61 232
61 278
62 283
62 293
63 65
63 187
63 274
64 103
65 150
65 180
65 187
66 127
66 156
66 177
66 213
66 249
67 121
67 155
67 190
67 199
67 242
67 256
67 273
67 284
67 291
68 197
69 258
69 292
70 184
70 205
70 272
70 293
71 182
71 189
71 218
71 224
72 113
72 148
72 266
73 87
73 133
73 138
73 161
73 178
73 222
73 234
74 94
74 162
74 251
75 101
75 110
75 138
75 222
75 233
75 237
76 89
76 97
77 88
77 151
77 152
77 170
77 186
77 221
77 236
77 250
77 288
78 86
78 136
78 238
78 240
79 204
79 292
80 113
80 145
80 148
80 201
80 279
80 296
81 183
81 241
82 202
82 203
82 220
82 223
83 158
83 214
84 121
84 147
84 190
84 199
84 273
84 284
84 297
85 109
85 261
86 240
87 133
87 138
87 149
87 161
87 178
87 222
87 233
87 234
88 152
88 186
88 221
88 243
88 250
88 288
88 298
89 117
90 99
90 230
91 108
91 290
92 104
92 105
92 219
93 104
93 116
93 171
93 219
94 143
94 162
94 165
94 251
95 118
95 120
95 146
95 196
95 289
96 174
96 225
96 253
98 229
99 124
99 198
99 230
100 167
100 194
100 254
100 257
100 277
101 123
101 138
101 222
101 232
101 233
101 237
101 281
102 131
102 144
102 158
102 163
102 210
102 264
102 265
102 286
104 116
104 171
104 219
106 169
106 195
106 245
106 246
106 296
107 134
107 172
107 207
107 208
108 121
108 290
109 188
109 261
110 138
110 237
111 135
111 146
111 176
111 179
112 137
112 141
112 202
112 216
112 223
112 227
113 145
113 148
113 201
113 279
114 153
114 184
114 205
114 258
115 159
115 176
115 179
115 212
115 215
115 226
115 255
116 171
116 219
118 120
118 196
118 206
118 231
118 289
119 134
119 141
119 151
119 170
119 172
119 236
119 295
120 196
120 206
120 243
120 289
121 190
121 199
121 242
121 256
121 284
122 141
122 212
122 215
122 226
123 164
123 167
123 194
123 233
123 278
123 281
124 198
125 248
125 262
125 269
125 270
126 127
126 130
126 156
126 177
126 181
126 213
127 156
127 175
127 177
127 213
127 249
128 157
128 173
128 183
128 217
128 241
128 268
129 132
129 258
130 181
130 185
131 144
131 210
131 265
131 286
132 181
132 185
133 149
133 161
133 234
134 151
134 170
134 172
134 236
134 295
135 140
135 159
135 176
135 179
135 255
136 195
136 209
136 238
136 244
136 245
136 279
137 141
137 202
137 216
137 227
137 236
137 295
138 178
138 222
138 233
138 237
139 191
139 239
139 273
139 291
139 297
140 239
141 151
141 227
141 236
141 295
143 165
144 210
144 265
145 209
145 244
145 279
145 296
146 176
146 179
146 196
147 297
148 201
148 266
149 164
149 233
149 281
150 180
150 228
151 170
151 172
151 236
151 295
152 221
152 250
152 288
153 184
153 205
154 168
154 192
154 263
155 190
155 197
155 199
155 242
155 256
155 291
156 175
156 177
156 213
156 249
157 173
157 217
157 241
157 268
158 210
158 264
158 265
159 176
159 179
159 212
159 215
159 226
159 255
160 168
160 294
161 234
161 299
162 251
163 210
163 235
163 264
163 265
163 286
164 167
164 281
165 258
166 225
167 194
167 257
167 281
168 192
168 218
168 263
169 195
169 238
169 245
169 246
170 172
170 236
170 295
171 206
171 219
171 231
172 208
173 183
173 217
173 241
173 268
174 225
174 253
175 177
175 207
175 275
175 285
176 179
177 213
177 249
178 222
178 233
178 234
178 237
179 226
179 255
180 228
181 185
182 189
182 211
183 241
183 268
184 205
184 272
186 221
186 250
186 288
186 298
187 274
188 235
190 199
190 242
190 256
190 273
190 284
190 291
191 273
191 297
192 218
192 224
192 263
193 235
194 278
194 280
195 209
195 238
195 245
195 246
195 296
196 289
197 242
197 256
198 266
199 242
199 256
199 273
199 284
199 291
200 259
201 279
201 296
202 203
202 216
202 220
202 223
202 227
203 220
203 223
204 292
206 231
206 289
207 275
207 285
208 228
208 260
209 238
209 244
209 245
209 246
209 279
209 296
210 264
210 265
210 286
211 252
211 280
212 215
212 226
212 255
213 249
215 226
215 255
216 220
216 223
216 227
217 241
217 268
218 263
220 223
221 243
221 250
221 288
221 298
222 233
222 237
224 232
225 253
226 255
227 295
228 260
231 289
232 278
233 237
233 281
234 299
235 286
236 288
236 295
238 245
238 246
241 268
242 256
242 284
242 291
243 250
243 298
244 279
245 246
245 296
246 296
247 282
248 262
248 269
248 270
248 287
250 288
250 298
252 293
254 257
254 277
254 283
256 284
256 291
257 277
262 270
264 265
264 276
265 286
267 287
269 270
269 271
269 287
271 282
273 284
273 291
273 297
275 285
278 280
279 296
283 293
284 291
