0 116
0 209
0 266
0 275
1 45
1 257
1 290
2 31
2 89
2 124
2 125
2 143
2 214
2 260
2 369
3 75
3 107
3 207
3 209
3 324
4 98
4 290
5 117
5 172
5 249
5 332
5 352
5 361
6 284
7 115
7 130
7 227
7 278
7 347
8 37
8 149
8 250
9 187
9 254
9 350
9 385
10 307
10 311
10 318
11 48
11 81
11 90
11 198
11 258
11 301
11 304
11 363
12 184
12 253
13 71
13 261
13 285
13 296
13 353
14 120
14 155
14 268
14 333
15 30
15 42
15 312
16 69
16 111
16 118
16 170
16 201
16 210
16 294
16 367
17 52
17 62
17 157
17 246
17 306
17 316
18 50
18 68
18 82
18 121
18 123
18 140
18 242
18 270
18 322
19 51
19 58
19 72
19 148
19 162
19 208
19 265
19 298
19 331
20 96
20 184
20 253
20 315
20 398
21 43
21 93
21 204
21 237
22 27
22 40
22 108
22 145
22 279
22 321
23 37
23 149
23 153
23 179
23 209
23 219
23 222
23 324
24 64
24 66
24 91
24 110
24 132
24 174
24 188
24 194
24 197
24 256
24 384
24 387
25 135
25 139
25 239
25 240
25 276
25 345
26 120
26 155
26 287
27 40
27 108
27 145
27 279
27 316
27 321
28 59
28 61
28 70
28 113
28 160
28 203
28 226
28 241
28 273
28 305
29 53
29 202
29 317
29 342
30 312
31 89
31 124
31 143
31 214
31 260
31 369
32 80
32 101
32 212
32 231
32 248
32 354
32 355
32 383
33 56
33 150
33 154
33 200
33 252
33 389
33 395
34 221
34 295
35 94
35 236
35 259
35 358
35 391
36 41
36 54
36 175
36 176
36 334
37 149
37 153
37 179
37 207
37 250
37 324
38 129
38 159
39 233
39 254
39 325
40 108
40 145
40 186
40 321
41 54
41 59
41 175
41 176
41 305
41 334
42 99
42 101
42 231
42 248
42 283
42 312
42 354
42 355
43 55
43 60
43 93
43 141
43 204
43 237
43 374
44 139
44 251
44 345
45 257
45 365
46 226
46 229
46 263
46 272
46 273
46 289
46 307
46 311
47 79
47 180
47 348
48 64
48 81
48 103
48 194
48 304
48 341
49 84
49 370
49 371
50 68
50 82
50 121
50 123
50 140
50 242
50 270
50 322
50 323
51 148
51 236
51 331
51 358
52 62
52 104
52 157
52 246
52 269
52 306
52 316
53 92
53 163
53 202
53 224
53 230
53 264
53 317
54 175
54 176
54 334
55 60
55 141
56 154
56 200
57 92
57 183
57 230
57 252
57 339
58 72
58 162
58 208
58 265
58 298
59 113
59 160
59 241
59 305
60 93
60 109
60 141
60 204
60 374
61 70
61 160
61 203
61 226
61 229
61 241
61 263
61 273
62 157
62 246
62 269
62 306
62 316
63 166
63 178
63 195
63 364
64 66
64 81
64 91
64 103
64 174
64 188
64 194
64 197
64 297
64 304
64 341
64 387
65 73
65 218
65 274
65 293
66 91
66 194
66 197
66 258
66 297
66 304
67 303
68 82
68 121
68 123
68 140
68 270
68 320
68 322
68 388
69 111
69 201
69 294
70 113
70 160
70 203
70 241
70 273
70 390
71 256
71 285
71 319
71 335
71 341
72 162
72 208
72 265
72 298
73 97
73 274
73 293
73 349
74 129
74 196
74 336
75 107
75 347
76 168
76 215
76 285
76 319
76 335
77 99
77 100
77 283
77 314
77 379
78 185
78 286
78 365
79 180
79 348
80 101
80 212
80 231
80 248
80 354
80 355
80 383
81 103
81 194
81 304
81 341
81 363
82 121
82 140
82 171
82 242
82 270
82 271
82 359
83 288
83 294
83 367
84 370
85 88
85 96
85 151
85 182
85 282
86 308
86 331
87 238
87 377
88 96
88 151
88 182
88 282
89 119
89 138
89 143
89 245
89 301
89 369
90 198
90 258
90 297
90 301
90 304
90 363
91 174
91 188
91 194
91 197
91 297
91 309
91 384
91 387
92 150
92 224
92 230
92 252
92 339
92 389
92 395
93 204
93 237
93 374
94 146
94 159
94 259
95 255
95 337
95 380
95 390
96 182
96 282
96 315
97 196
97 274
97 349
98 286
99 248
99 283
99 312
99 314
100 212
100 244
100 283
100 386
101 231
101 248
101 354
101 355
101 383
102 271
102 357
103 194
103 304
103 341
104 157
104 221
104 306
105 190
105 220
105 223
105 357
106 127
106 163
106 190
106 202
106 224
106 264
107 209
107 324
108 145
108 316
108 321
108 399
109 141
109 346
110 132
110 174
110 188
110 256
110 277
110 281
110 302
110 384
110 387
112 124
112 125
112 313
112 373
113 160
113 173
113 203
113 241
113 305
114 284
115 130
115 178
115 227
115 278
115 347
116 144
116 234
116 275
117 123
117 131
117 332
117 361
118 170
118 210
119 138
119 143
119 206
119 244
119 245
119 301
119 369
120 155
120 287
121 123
121 140
121 270
121 320
121 322
121 332
121 388
122 168
122 215
122 292
122 378
123 140
123 270
123 291
123 320
123 322
123 332
123 388
124 125
124 214
124 260
124 292
124 313
124 373
125 214
125 229
125 313
125 373
126 225
126 281
126 352
127 190
127 202
127 223
127 264
128 166
128 195
128 364
128 368
130 178
130 227
130 278
131 181
131 340
131 360
132 174
132 188
132 256
132 277
132 302
132 384
132 387
133 164
133 199
133 320
133 327
133 328
133 388
134 152
134 213
134 238
134 243
134 262
135 142
135 240
135 276
135 399
136 263
136 307
136 311
137 267
137 382
137 399
138 143
138 206
138 244
138 245
138 301
138 369
139 251
139 345
140 270
140 322
140 332
141 374
142 240
142 269
142 276
143 245
143 301
143 369
144 266
144 275
145 186
145 267
145 321
146 159
146 259
146 371
147 158
147 338
147 356
148 236
148 308
148 331
148 358
149 153
149 179
149 207
149 250
149 324
150 154
150 183
150 200
150 252
150 339
150 389
150 395
151 282
152 213
152 238
152 243
153 179
153 209
153 219
153 222
154 200
154 252
154 389
154 395
155 268
155 287
155 333
156 189
156 192
156 216
156 232
156 315
156 372
156 398
157 221
157 246
157 269
157 306
158 282
158 338
159 279
160 203
160 226
160 241
160 273
161 262
161 310
161 381
162 208
162 265
162 298
163 202
163 224
163 230
163 264
164 199
164 291
164 327
164 328
165 191
165 205
165 366
166 172
166 195
166 249
166 364
167 218
168 215
168 319
168 335
168 378
169 329
169 340
169 351
169 394
169 396
170 210
171 220
171 242
171 271
171 323
171 357
171 359
172 249
172 361
172 364
173 203
173 241
173 305
174 188
174 194
174 256
174 384
174 387
175 176
175 334
176 334
177 326
177 346
177 374
177 375
177 392
177 397
178 181
178 227
178 278
179 209
179 219
179 222
180 308
180 348
181 340
181 360
182 192
182 315
183 252
183 339
184 253
185 288
185 365
186 236
186 321
186 358
187 254
187 350
187 385
188 256
188 384
188 387
189 192
189 216
189 232
189 315
189 372
189 398
190 202
190 223
190 264
191 205
191 296
191 366
192 216
192 315
192 398
194 197
194 297
194 304
194 341
194 387
195 364
196 336
197 235
197 297
197 309
198 363
199 291
199 320
199 327
199 328
199 388
200 252
200 389
200 395
201 294
202 224
202 264
202 317
203 241
203 390
204 237
204 374
205 300
205 343
205 366
206 244
206 272
207 250
207 324
208 265
209 222
209 266
209 324
210 243
211 377
212 231
212 248
212 283
212 355
212 383
212 386
213 238
213 243
214 260
214 292
214 362
214 378
215 319
215 335
216 232
216 315
216 372
216 398
219 222
219 266
220 223
220 357
220 359
221 295
221 306
222 266
223 357
224 230
224 264
225 281
225 302
225 323
225 384
226 229
226 263
226 272
226 273
226 289
227 278
228 232
228 372
229 273
229 289
229 373
230 339
231 248
231 283
231 354
231 355
231 383
232 315
232 372
232 398
233 269
233 295
233 306
233 325
234 275
235 309
235 368
235 376
236 259
236 358
239 276
239 280
240 269
240 276
240 399
241 273
241 305
242 270
242 271
242 323
242 359
244 245
244 301
244 386
245 301
245 369
246 316
248 283
248 354
248 355
248 383
249 352
249 364
251 345
252 339
252 389
254 342
254 350
255 313
255 337
255 380
255 390
256 384
256 387
257 286
257 290
258 297
258 304
258 363
259 391
260 292
260 378
261 277
261 353
262 310
263 272
263 273
263 289
263 307
263 311
263 318
266 275
267 382
267 399
268 293
268 333
269 306
269 325
270 320
270 322
270 388
271 359
272 289
272 307
272 311
274 293
274 349
277 302
277 323
278 356
279 321
280 344
281 302
281 323
281 384
282 338
283 386
285 319
285 335
288 365
288 367
291 320
291 327
291 328
291 332
291 388
292 362
292 378
293 349
294 367
295 325
296 366
297 304
297 363
299 393
300 343
301 363
301 369
302 323
304 341
304 363
307 311
307 318
308 331
309 352
309 368
310 381
311 318
313 337
313 373
313 380
313 390
314 379
315 372
315 398
317 342
319 335
320 327
320 332
320 388
322 332
322 361
323 359
326 346
326 392
326 397
327 328
327 388
329 351
329 394
329 396
330 370
330 391
332 361
333 349
336 349
337 380
337 390
339 389
340 360
350 385
351 394
351 396
354 355
354 383
355 383
357 359
362 378
370 391
372 398
373 390
374 375
375 392
380 390
384 387
389 395
392 397
394 396
