0 0.38844719336401345 0.8250875644636044 54 0.3722806292956552 0.8878656276443905
0 0.38844719336401345 0.8250875644636044 84 0.3249161342743291 0.786011997956928
0 0.38844719336401345 0.8250875644636044 108 0.432300458684565 0.7777677354818661
0 0.38844719336401345 0.8250875644636044 166 0.36405983847600276 0.8676229987683557
0 0.38844719336401345 0.8250875644636044 290 0.46346635842966055 0.8082147490717083
1 0.1175397566457852 0.3562423924341509 118 0.07810948312298716 0.38188326602811684
1 0.1175397566457852 0.3562423924341509 120 0.14166773753551876 0.39723457660127137
1 0.1175397566457852 0.3562423924341509 171 0.1575870914961397 0.292204789954431
1 0.1175397566457852 0.3562423924341509 206 0.12911602793322363 0.34838777336091786
1 0.1175397566457852 0.3562423924341509 231 0.11695451823573377 0.31938571324042153
1 0.1175397566457852 0.3562423924341509 289 0.08086371497749933 0.38639087374852665
2 0.2910126317077403 0.857147831621936 147 0.3122391930391535 0.8006755405602327
2 0.2910126317077403 0.857147831621936 166 0.36405983847600276 0.8676229987683557
2 0.2910126317077403 0.857147831621936 217 0.25896757485085986 0.9028125448899426
3 0.17932301975582587 0.5472132768764101 37 0.17170647171662734 0.5721398852185308
3 0.17932301975582587 0.5472132768764101 111 0.15440783813525494 0.5346022024488682
3 0.17932301975582587 0.5472132768764101 135 0.2032690329897795 0.5504248353869169
3 0.17932301975582587 0.5472132768764101 159 0.24917161240124286 0.5183131328612024
3 0.17932301975582587 0.5472132768764101 176 0.19462452494736904 0.48517612818440803
3 0.17932301975582587 0.5472132768764101 179 0.2079508884533966 0.4971703728718867
4 0.6173203429619794 0.056352618943142585 131 0.6600187894665926 0.08317482809637344
4 0.6173203429619794 0.056352618943142585 144 0.6351400921616948 0.1300528033849382
5 0.4023322374355933 0.11103843241556954 30 0.35502084495227104 0.13473958357561888
5 0.4023322374355933 0.11103843241556954 187 0.3423843657663286 0.10145017640481102
5 0.4023322374355933 0.11103843241556954 274 0.3939714654631886 0.10444566029080493
6 0.27531266949076616 0.17483426582401174 63 0.3214100496729213 0.11369287759116775
6 0.27531266949076616 0.17483426582401174 65 0.3430865276288859 0.1673825695880471
6 0.27531266949076616 0.17483426582401174 92 0.20430935302637943 0.1935599751970397
6 0.27531266949076616 0.17483426582401174 105 0.20745116541996278 0.16309122847923996
7 0.4293997625750957 0.22981199150843612 58 0.4008221263880093 0.2754816803621538
7 0.4293997625750957 0.22981199150843612 150 0.3698079232227063 0.20531760273118238
7 0.4293997625750957 0.22981199150843612 172 0.4240783334711037 0.3015918358049291
7 0.4293997625750957 0.22981199150843612 180 0.37024866745226515 0.20094393979715552
7 0.4293997625750957 0.22981199150843612 208 0.4651600853378436 0.25401030880401543
7 0.4293997625750957 0.22981199150843612 228 0.4239950944485339 0.19221433381219433
7 0.4293997625750957 0.22981199150843612 260 0.45351998601719645 0.22176433213306346
8 0.8214117482160913 0.48148768273226406 39 0.8390523128212068 0.5039069826179966
8 0.8214117482160913 0.48148768273226406 46 0.8256228711715056 0.502698219518122
8 0.8214117482160913 0.48148768273226406 114 0.8278333896954844 0.47511787801353345
8 0.8214117482160913 0.48148768273226406 153 0.751516454538823 0.4667871299278089
8 0.8214117482160913 0.48148768273226406 184 0.8115143015117247 0.512323514558213
8 0.8214117482160913 0.48148768273226406 205 0.7699340878860191 0.5270468030205493
9 0.5034022168042953 0.11570719274331209 76 0.4822785757962611 0.054563274028827546
9 0.5034022168042953 0.11570719274331209 89 0.5417603368843222 0.08124821050161402
9 0.5034022168042953 0.11570719274331209 117 0.5394479847058582 0.11716591668917664
10 0.7443784109056856 0.9338235307384818 75 0.7040299957203129 0.9279663194581669
10 0.7443784109056856 0.9338235307384818 110 0.732679098339962 0.9505246264003648
10 0.7443784109056856 0.9338235307384818 154 0.8116859904526794 0.9567558953345525
10 0.7443784109056856 0.9338235307384818 224 0.7807611601594899 0.8844332046961032
10 0.7443784109056856 0.9338235307384818 237 0.6959586683377788 0.9197175041885298
11 0.6432594338048436 0.7356940717132423 32 0.7055671162455319 0.7292905454139967
11 0.6432594338048436 0.7356940717132423 53 0.6046376040964746 0.6840654925561118
11 0.6432594338048436 0.7356940717132423 100 0.6457928668404869 0.712000115440574
11 0.6432594338048436 0.7356940717132423 167 0.6387871563607376 0.7621646693082677
11 0.6432594338048436 0.7356940717132423 194 0.6887226973392773 0.7455548082587506
11 0.6432594338048436 0.7356940717132423 257 0.6108911211245788 0.7136506582742788
11 0.6432594338048436 0.7356940717132423 277 0.6032436090230234 0.6838831506122663
12 0.025341080856072007 0.34227668544170775 15 0.01619256090895871 0.4024255825083275
12 0.025341080856072007 0.34227668544170775 118 0.07810948312298716 0.38188326602811684
12 0.025341080856072007 0.34227668544170775 289 0.08086371497749933 0.38639087374852665
13 0.713794244994761 0.6753342158991575 32 0.7055671162455319 0.7292905454139967
13 0.713794244994761 0.6753342158991575 62 0.7237577267134674 0.6307418151554277
13 0.713794244994761 0.6753342158991575 100 0.6457928668404869 0.712000115440574
13 0.713794244994761 0.6753342158991575 194 0.6887226973392773 0.7455548082587506
13 0.713794244994761 0.6753342158991575 254 0.6418319219823944 0.6479302176166708
13 0.713794244994761 0.6753342158991575 283 0.6982962165272301 0.6471317090887201
13 0.713794244994761 0.6753342158991575 293 0.7679825981700047 0.6434639129398041
15 0.01619256090895871 0.4024255825083275 45 0.05500110642003175 0.4262715205849029
15 0.01619256090895871 0.4024255825083275 118 0.07810948312298716 0.38188326602811684
15 0.01619256090895871 0.4024255825083275 289 0.08086371497749933 0.38639087374852665
16 0.8519536391233171 0.2455000529979786 28 0.9295755686096392 0.2480177220877101
16 0.8519536391233171 0.2455000529979786 31 0.9076609987155771 0.21034257578209448
16 0.8519536391233171 0.2455000529979786 36 0.9173725093935566 0.27300560877889934
16 0.8519536391233171 0.2455000529979786 98 0.9039229877143774 0.2169971877614948
16 0.8519536391233171 0.2455000529979786 229 0.8887378385982614 0.22976016617531758
16 0.8519536391233171 0.2455000529979786 276 0.8179483301919132 0.17968358765404535
17 0.8861549172574109 0.028183810746572946 19 0.928431798935288 0.03181112793512264
17 0.8861549172574109 0.028183810746572946 188 0.8519692906025832 0.07972955902955803
18 0.9633197921246155 0.23487723095737778 28 0.9295755686096392 0.2480177220877101
18 0.9633197921246155 0.23487723095737778 31 0.9076609987155771 0.21034257578209448
18 0.9633197921246155 0.23487723095737778 36 0.9173725093935566 0.27300560877889934
18 0.9633197921246155 0.23487723095737778 42 0.9234602553674645 0.19840140650678306
18 0.9633197921246155 0.23487723095737778 79 0.9650326809229971 0.2729856726101517
18 0.9633197921246155 0.23487723095737778 98 0.9039229877143774 0.2169971877614948
18 0.9633197921246155 0.23487723095737778 229 0.8887378385982614 0.22976016617531758
19 0.928431798935288 0.03181112793512264 35 0.9927667837152022 0.07122794127456245
20 0.4635519869829584 0.5454888696554895 82 0.5309763569955988 0.5297265061792628
20 0.4635519869829584 0.5454888696554895 202 0.476281562660788 0.4763473326678328
20 0.4635519869829584 0.5454888696554895 223 0.4727239797466096 0.510267266996627
21 0.9392874908306259 0.31371761704064594 24 0.9026029388958764 0.3278141801817295
21 0.9392874908306259 0.31371761704064594 28 0.9295755686096392 0.2480177220877101
21 0.9392874908306259 0.31371761704064594 36 0.9173725093935566 0.27300560877889934
21 0.9392874908306259 0.31371761704064594 56 0.9988128232404131 0.31450597885767995
21 0.9392874908306259 0.31371761704064594 69 0.8642878674903419 0.33492332936720415
21 0.9392874908306259 0.31371761704064594 79 0.9650326809229971 0.2729856726101517
21 0.9392874908306259 0.31371761704064594 204 0.9520311033085551 0.3165671865569214
21 0.9392874908306259 0.31371761704064594 292 0.9109584284159479 0.3220589758655401
22 0.5589514521412857 0.8525588915343042 87 0.6025524092882493 0.9032633888836492
22 0.5589514521412857 0.8525588915343042 133 0.551959138074074 0.9093432661628315
22 0.5589514521412857 0.8525588915343042 149 0.6003456587018029 0.8605560308416451
22 0.5589514521412857 0.8525588915343042 161 0.5473375092162515 0.9209866240727472
22 0.5589514521412857 0.8525588915343042 164 0.6169662570355422 0.8123887060870562
23 0.27253762306732376 0.3733237567848191 26 0.2866886410658097 0.34363298040470436
23 0.27253762306732376 0.3733237567848191 77 0.3142283769035381 0.3436584441951309
23 0.27253762306732376 0.3733237567848191 88 0.2529639993748086 0.36464649023121753
23 0.27253762306732376 0.3733237567848191 152 0.30175256416876106 0.3103340127920168
23 0.27253762306732376 0.3733237567848191 186 0.2889384219169291 0.387748738573913
23 0.27253762306732376 0.3733237567848191 221 0.2626778477074633 0.36186630339999126
23 0.27253762306732376 0.3733237567848191 243 0.20680019430132535 0.4034088289678147
23 0.27253762306732376 0.3733237567848191 250 0.2609498425629384 0.36998702034274344
23 0.27253762306732376 0.3733237567848191 288 0.3090379689444318 0.36240150974191054
23 0.27253762306732376 0.3733237567848191 298 0.2289118755384969 0.4029498987952638
24 0.9026029388958764 0.3278141801817295 36 0.9173725093935566 0.27300560877889934
24 0.9026029388958764 0.3278141801817295 69 0.8642878674903419 0.33492332936720415
24 0.9026029388958764 0.3278141801817295 204 0.9520311033085551 0.3165671865569214
24 0.9026029388958764 0.3278141801817295 292 0.9109584284159479 0.3220589758655401
25 0.39015812285726614 0.369287466514555 52 0.3959833220068356 0.42442299920542914
25 0.39015812285726614 0.369287466514555 119 0.39539622818154796 0.35448377055359725
25 0.39015812285726614 0.369287466514555 134 0.40526908953417307 0.34791781758495655
25 0.39015812285726614 0.369287466514555 137 0.43724852573044704 0.4219929789998971
25 0.39015812285726614 0.369287466514555 141 0.36676245792037876 0.4266294850573906
25 0.39015812285726614 0.369287466514555 151 0.3914467004134635 0.3529340198312545
25 0.39015812285726614 0.369287466514555 170 0.38298150846003154 0.3363210311163398
25 0.39015812285726614 0.369287466514555 172 0.4240783334711037 0.3015918358049291
25 0.39015812285726614 0.369287466514555 236 0.38548846106206625 0.3699821750753315
25 0.39015812285726614 0.369287466514555 295 0.38724212093257837 0.3829297397653971
26 0.2866886410658097 0.34363298040470436 77 0.3142283769035381 0.3436584441951309
26 0.2866886410658097 0.34363298040470436 88 0.2529639993748086 0.36464649023121753
26 0.2866886410658097 0.34363298040470436 152 0.30175256416876106 0.3103340127920168
26 0.2866886410658097 0.34363298040470436 186 0.2889384219169291 0.387748738573913
26 0.2866886410658097 0.34363298040470436 221 0.2626778477074633 0.36186630339999126
26 0.2866886410658097 0.34363298040470436 250 0.2609498425629384 0.36998702034274344
26 0.2866886410658097 0.34363298040470436 288 0.3090379689444318 0.36240150974191054
27 0.605064200322516 0.31316234336446913 55 0.5799308034854243 0.3456567816902958
27 0.605064200322516 0.31316234336446913 126 0.6568125396962353 0.3428547878509569
27 0.605064200322516 0.31316234336446913 127 0.6292645145021435 0.3869044955694667
27 0.605064200322516 0.31316234336446913 175 0.5705414252580602 0.3760952551133162
27 0.605064200322516 0.31316234336446913 177 0.6285163413390995 0.38344698133242605
27 0.605064200322516 0.31316234336446913 214 0.6016884425320759 0.24518456300230607
27 0.605064200322516 0.31316234336446913 275 0.552051174617276 0.3452350507872409
28 0.9295755686096392 0.2480177220877101 31 0.9076609987155771 0.21034257578209448
28 0.9295755686096392 0.2480177220877101 36 0.9173725093935566 0.27300560877889934
28 0.9295755686096392 0.2480177220877101 42 0.9234602553674645 0.19840140650678306
28 0.9295755686096392 0.2480177220877101 79 0.9650326809229971 0.2729856726101517
28 0.9295755686096392 0.2480177220877101 98 0.9039229877143774 0.2169971877614948
28 0.9295755686096392 0.2480177220877101 204 0.9520311033085551 0.3165671865569214
28 0.9295755686096392 0.2480177220877101 229 0.8887378385982614 0.22976016617531758
28 0.9295755686096392 0.2480177220877101 292 0.9109584284159479 0.3220589758655401
29 0.5715100531028221 0.6719087680162112 53 0.6046376040964746 0.6840654925561118
29 0.5715100531028221 0.6719087680162112 103 0.5733369454220192 0.6019669746503359
29 0.5715100531028221 0.6719087680162112 142 0.5137215708537083 0.6860282217710705
29 0.5715100531028221 0.6719087680162112 254 0.6418319219823944 0.6479302176166708
29 0.5715100531028221 0.6719087680162112 257 0.6108911211245788 0.7136506582742788
29 0.5715100531028221 0.6719087680162112 277 0.6032436090230234 0.6838831506122663
30 0.35502084495227104 0.13473958357561888 63 0.3214100496729213 0.11369287759116775
30 0.35502084495227104 0.13473958357561888 65 0.3430865276288859 0.1673825695880471
30 0.35502084495227104 0.13473958357561888 150 0.3698079232227063 0.20531760273118238
30 0.35502084495227104 0.13473958357561888 180 0.37024866745226515 0.20094393979715552
30 0.35502084495227104 0.13473958357561888 187 0.3423843657663286 0.10145017640481102
30 0.35502084495227104 0.13473958357561888 274 0.3939714654631886 0.10444566029080493
31 0.9076609987155771 0.21034257578209448 36 0.9173725093935566 0.27300560877889934
31 0.9076609987155771 0.21034257578209448 42 0.9234602553674645 0.19840140650678306
31 0.9076609987155771 0.21034257578209448 98 0.9039229877143774 0.2169971877614948
31 0.9076609987155771 0.21034257578209448 229 0.8887378385982614 0.22976016617531758
32 0.7055671162455319 0.7292905454139967 100 0.6457928668404869 0.712000115440574
32 0.7055671162455319 0.7292905454139967 167 0.6387871563607376 0.7621646693082677
32 0.7055671162455319 0.7292905454139967 194 0.6887226973392773 0.7455548082587506
32 0.7055671162455319 0.7292905454139967 278 0.7339748494636205 0.7788833806177624
32 0.7055671162455319 0.7292905454139967 280 0.7500785741711357 0.7463937895896541
33 0.44524191005439784 0.9915207969056102 174 0.4368729487404108 0.9322547331382057
33 0.44524191005439784 0.9915207969056102 253 0.4573494453185296 0.9261274540021092
33 0.44524191005439784 0.9915207969056102 299 0.519475464387949 0.9872259883771205
34 0.9581757613016849 0.7388178863869698 259 0.9180362594616749 0.7049043927737491
35 0.9927667837152022 0.07122794127456245 85 0.9411869638165892 0.13003745355940177
35 0.9927667837152022 0.07122794127456245 261 0.9256499006288957 0.1113178371834933
36 0.9173725093935566 0.27300560877889934 42 0.9234602553674645 0.19840140650678306
36 0.9173725093935566 0.27300560877889934 79 0.9650326809229971 0.2729856726101517
36 0.9173725093935566 0.27300560877889934 98 0.9039229877143774 0.2169971877614948
36 0.9173725093935566 0.27300560877889934 204 0.9520311033085551 0.3165671865569214
36 0.9173725093935566 0.27300560877889934 229 0.8887378385982614 0.22976016617531758
36 0.9173725093935566 0.27300560877889934 292 0.9109584284159479 0.3220589758655401
37 0.17170647171662734 0.5721398852185308 111 0.15440783813525494 0.5346022024488682
37 0.17170647171662734 0.5721398852185308 135 0.2032690329897795 0.5504248353869169
37 0.17170647171662734 0.5721398852185308 140 0.22640898827698752 0.6106090064722146
37 0.17170647171662734 0.5721398852185308 169 0.1491896504122464 0.6423946000390771
38 0.049657068403443194 0.23290550952365707 262 0.02604265284453522 0.19709923634879634
38 0.049657068403443194 0.23290550952365707 270 0.03419178749943319 0.17360447364536924
39 0.8390523128212068 0.5039069826179966 46 0.8256228711715056 0.502698219518122
39 0.8390523128212068 0.5039069826179966 114 0.8278333896954844 0.47511787801353345
39 0.8390523128212068 0.5039069826179966 184 0.8115143015117247 0.512323514558213
39 0.8390523128212068 0.5039069826179966 205 0.7699340878860191 0.5270468030205493
39 0.8390523128212068 0.5039069826179966 272 0.8397749829756442 0.5730644500866465
40 0.19265411172224534 0.8860105484288121 81 0.19021103447324839 0.8650706071299366
40 0.19265411172224534 0.8860105484288121 128 0.220147057671911 0.9480190686951664
40 0.19265411172224534 0.8860105484288121 183 0.18292902541096767 0.9287560772390848
40 0.19265411172224534 0.8860105484288121 217 0.25896757485085986 0.9028125448899426
40 0.19265411172224534 0.8860105484288121 241 0.21890658432205268 0.9091873656068344
41 0.845086141640112 0.9073121237751146 44 0.9028677947947765 0.8785870442733997
41 0.845086141640112 0.9073121237751146 154 0.8116859904526794 0.9567558953345525
41 0.845086141640112 0.9073121237751146 168 0.8698138298986484 0.940233290515617
41 0.845086141640112 0.9073121237751146 192 0.85040049351793 0.9192768679966093
41 0.845086141640112 0.9073121237751146 218 0.8676916312844443 0.8900668335503253
41 0.845086141640112 0.9073121237751146 224 0.7807611601594899 0.8844332046961032
41 0.845086141640112 0.9073121237751146 263 0.8638295168711404 0.9265668099276249
42 0.9234602553674645 0.19840140650678306 85 0.9411869638165892 0.13003745355940177
42 0.9234602553674645 0.19840140650678306 98 0.9039229877143774 0.2169971877614948
42 0.9234602553674645 0.19840140650678306 229 0.8887378385982614 0.22976016617531758
43 0.39176744676793596 0.6438228053625508 67 0.33334371564370413 0.6878277065806233
43 0.39176744676793596 0.6438228053625508 68 0.3917849477594523 0.5909352188491792
43 0.39176744676793596 0.6438228053625508 155 0.3394594551128022 0.6501185980867216
43 0.39176744676793596 0.6438228053625508 197 0.4164959767707167 0.6488896160456834
43 0.39176744676793596 0.6438228053625508 242 0.3687576760763236 0.6668395302377784
43 0.39176744676793596 0.6438228053625508 256 0.35474121259075 0.6826922270216725
44 0.9028677947947765 0.8785870442733997 168 0.8698138298986484 0.940233290515617
44 0.9028677947947765 0.8785870442733997 192 0.85040049351793 0.9192768679966093
44 0.9028677947947765 0.8785870442733997 218 0.8676916312844443 0.8900668335503253
44 0.9028677947947765 0.8785870442733997 263 0.8638295168711404 0.9265668099276249
45 0.05500110642003175 0.4262715205849029 95 0.11986147576454398 0.4378036896710439
45 0.05500110642003175 0.4262715205849029 118 0.07810948312298716 0.38188326602811684
45 0.05500110642003175 0.4262715205849029 196 0.09178231570170126 0.4305981502899685
45 0.05500110642003175 0.4262715205849029 289 0.08086371497749933 0.38639087374852665
46 0.8256228711715056 0.502698219518122 114 0.8278333896954844 0.47511787801353345
46 0.8256228711715056 0.502698219518122 184 0.8115143015117247 0.512323514558213
46 0.8256228711715056 0.502698219518122 205 0.7699340878860191 0.5270468030205493
46 0.8256228711715056 0.502698219518122 272 0.8397749829756442 0.5730644500866465
47 0.6131497108872631 0.4920614750097595 64 0.6184980350634668 0.5571869243173967
47 0.6131497108872631 0.4920614750097595 66 0.6682345827655994 0.4468680679559488
47 0.6131497108872631 0.4920614750097595 249 0.6368302773841857 0.4563559236067153
48 0.7016016262232732 0.5369828678869134 205 0.7699340878860191 0.5270468030205493
49 0.18450699399406179 0.6572100106600249 106 0.1557892092364761 0.7183964562737398
49 0.18450699399406179 0.6572100106600249 140 0.22640898827698752 0.6106090064722146
49 0.18450699399406179 0.6572100106600249 169 0.1491896504122464 0.6423946000390771
49 0.18450699399406179 0.6572100106600249 195 0.12218639343910709 0.6969854276708151
49 0.18450699399406179 0.6572100106600249 239 0.2381459655392527 0.6435405453313623
49 0.18450699399406179 0.6572100106600249 245 0.13054746435740405 0.6791895052348134
49 0.18450699399406179 0.6572100106600249 246 0.14065425083353655 0.7202615119848902
50 0.06876567398267275 0.5510905901836973 78 0.07033935643495859 0.5983596253883742
50 0.06876567398267275 0.5510905901836973 86 0.08069838541281948 0.5622051413356108
50 0.06876567398267275 0.5510905901836973 240 0.005618182005487138 0.578805555881098
51 0.8180497792678705 0.35770518701674925 69 0.8642878674903419 0.33492332936720415
51 0.8180497792678705 0.35770518701674925 129 0.8005167910836292 0.39132215067656184
51 0.8180497792678705 0.35770518701674925 132 0.7690675462959544 0.36009260774893936
51 0.8180497792678705 0.35770518701674925 185 0.7644220316493515 0.31291414672307183
51 0.8180497792678705 0.35770518701674925 258 0.8550468158322863 0.40392510303772
52 0.3959833220068356 0.42442299920542914 112 0.41149021728950785 0.48639261440819503
52 0.3959833220068356 0.42442299920542914 119 0.39539622818154796 0.35448377055359725
52 0.3959833220068356 0.42442299920542914 122 0.33822550308682753 0.4530795514826429
52 0.3959833220068356 0.42442299920542914 134 0.40526908953417307 0.34791781758495655
52 0.3959833220068356 0.42442299920542914 137 0.43724852573044704 0.4219929789998971
52 0.3959833220068356 0.42442299920542914 141 0.36676245792037876 0.4266294850573906
52 0.3959833220068356 0.42442299920542914 151 0.3914467004134635 0.3529340198312545
52 0.3959833220068356 0.42442299920542914 227 0.4216645166389793 0.44883192339112044
52 0.3959833220068356 0.42442299920542914 236 0.38548846106206625 0.3699821750753315
52 0.3959833220068356 0.42442299920542914 295 0.38724212093257837 0.3829297397653971
53 0.6046376040964746 0.6840654925561118 100 0.6457928668404869 0.712000115440574
53 0.6046376040964746 0.6840654925561118 254 0.6418319219823944 0.6479302176166708
53 0.6046376040964746 0.6840654925561118 257 0.6108911211245788 0.7136506582742788
53 0.6046376040964746 0.6840654925561118 277 0.6032436090230234 0.6838831506122663
54 0.3722806292956552 0.8878656276443905 166 0.36405983847600276 0.8676229987683557
54 0.3722806292956552 0.8878656276443905 174 0.4368729487404108 0.9322547331382057
54 0.3722806292956552 0.8878656276443905 225 0.3831380856039218 0.916858021711589
55 0.5799308034854243 0.3456567816902958 126 0.6568125396962353 0.3428547878509569
55 0.5799308034854243 0.3456567816902958 127 0.6292645145021435 0.3869044955694667
55 0.5799308034854243 0.3456567816902958 175 0.5705414252580602 0.3760952551133162
55 0.5799308034854243 0.3456567816902958 177 0.6285163413390995 0.38344698133242605
55 0.5799308034854243 0.3456567816902958 275 0.552051174617276 0.3452350507872409
55 0.5799308034854243 0.3456567816902958 285 0.5302134338192972 0.39021166733477664
56 0.9988128232404131 0.31450597885767995 79 0.9650326809229971 0.2729856726101517
56 0.9988128232404131 0.31450597885767995 204 0.9520311033085551 0.3165671865569214
57 0.17564952274698042 0.9632342047962476 90 0.10489353624078679 0.9637290288937596
57 0.17564952274698042 0.9632342047962476 128 0.220147057671911 0.9480190686951664
57 0.17564952274698042 0.9632342047962476 173 0.24407865979916332 0.9772884989438898
57 0.17564952274698042 0.9632342047962476 183 0.18292902541096767 0.9287560772390848
57 0.17564952274698042 0.9632342047962476 230 0.11232891904019171 0.998554371077712
57 0.17564952274698042 0.9632342047962476 241 0.21890658432205268 0.9091873656068344
57 0.17564952274698042 0.9632342047962476 268 0.22942016381665287 0.95613015898751
58 0.4008221263880093 0.2754816803621538 107 0.46033532271795174 0.30629295280839697
58 0.4008221263880093 0.2754816803621538 134 0.40526908953417307 0.34791781758495655
58 0.4008221263880093 0.2754816803621538 150 0.3698079232227063 0.20531760273118238
58 0.4008221263880093 0.2754816803621538 151 0.3914467004134635 0.3529340198312545
58 0.4008221263880093 0.2754816803621538 170 0.38298150846003154 0.3363210311163398
58 0.4008221263880093 0.2754816803621538 172 0.4240783334711037 0.3015918358049291
58 0.4008221263880093 0.2754816803621538 208 0.4651600853378436 0.25401030880401543
58 0.4008221263880093 0.2754816803621538 260 0.45351998601719645 0.22176433213306346
59 0.74239727460717 0.08134153900907626 102 0.6855742235943837 0.12173524127414881
59 0.74239727460717 0.08134153900907626 163 0.7462014757010605 0.08722986293989188
59 0.74239727460717 0.08134153900907626 210 0.7110915948289399 0.12823657790027887
59 0.74239727460717 0.08134153900907626 235 0.7887681506534051 0.08054790106155407
59 0.74239727460717 0.08134153900907626 264 0.7443495745964916 0.15715820695083127
59 0.74239727460717 0.08134153900907626 265 0.6842721839091496 0.11935643858814671
59 0.74239727460717 0.08134153900907626 286 0.7174176714679675 0.05482957913109199
60 0.059076390909227006 0.010891651891275833 247 0.0047936624606772504 0.0032128157262196755
60 0.059076390909227006 0.010891651891275833 271 0.0909656589072596 0.05464748225149285
60 0.059076390909227006 0.010891651891275833 282 0.07826267974185774 0.027304165757846
61 0.7151246168142802 0.8166136994539134 101 0.6833512644805214 0.8768536272462206
61 0.7151246168142802 0.8166136994539134 123 0.6716284167164063 0.819187911369092
61 0.7151246168142802 0.8166136994539134 194 0.6887226973392773 0.7455548082587506
61 0.7151246168142802 0.8166136994539134 232 0.7469429454046143 0.8505186550577668
61 0.7151246168142802 0.8166136994539134 278 0.7339748494636205 0.7788833806177624
62 0.7237577267134674 0.6307418151554277 283 0.6982962165272301 0.6471317090887201
62 0.7237577267134674 0.6307418151554277 293 0.7679825981700047 0.6434639129398041
63 0.3214100496729213 0.11369287759116775 65 0.3430865276288859 0.1673825695880471
63 0.3214100496729213 0.11369287759116775 187 0.3423843657663286 0.10145017640481102
63 0.3214100496729213 0.11369287759116775 274 0.3939714654631886 0.10444566029080493
64 0.6184980350634668 0.5571869243173967 103 0.5733369454220192 0.6019669746503359
65 0.3430865276288859 0.1673825695880471 150 0.3698079232227063 0.20531760273118238
65 0.3430865276288859 0.1673825695880471 180 0.37024866745226515 0.20094393979715552
65 0.3430865276288859 0.1673825695880471 187 0.3423843657663286 0.10145017640481102
66 0.6682345827655994 0.4468680679559488 127 0.6292645145021435 0.3869044955694667
66 0.6682345827655994 0.4468680679559488 156 0.6311254404951214 0.41306792641045775
66 0.6682345827655994 0.4468680679559488 177 0.6285163413390995 0.38344698133242605
66 0.6682345827655994 0.4468680679559488 213 0.6533139083526108 0.4119057736297169
66 0.6682345827655994 0.4468680679559488 249 0.6368302773841857 0.4563559236067153
67 0.33334371564370413 0.6878277065806233 121 0.37039239723270445 0.7417870026716704
67 0.33334371564370413 0.6878277065806233 155 0.3394594551128022 0.6501185980867216
67 0.33334371564370413 0.6878277065806233 190 0.3429664476833113 0.7261779160408663
67 0.33334371564370413 0.6878277065806233 199 0.3447056435617494 0.7173101208423024
67 0.33334371564370413 0.6878277065806233 242 0.3687576760763236 0.6668395302377784
67 0.33334371564370413 0.6878277065806233 256 0.35474121259075 0.6826922270216725
67 0.33334371564370413 0.6878277065806233 273 0.2812488059350269 0.7227642268755369
67 0.33334371564370413 0.6878277065806233 284 0.3451526605543376 0.7286721810132397
67 0.33334371564370413 0.6878277065806233 291 0.3056615382038931 0.6843325410173635
68 0.3917849477594523 0.5909352188491792 197 0.4164959767707167 0.6488896160456834
69 0.8642878674903419 0.33492332936720415 258 0.8550468158322863 0.40392510303772
69 0.8642878674903419 0.33492332936720415 292 0.9109584284159479 0.3220589758655401
70 0.7885179229891893 0.5803829666380964 184 0.8115143015117247 0.512323514558213
70 0.7885179229891893 0.5803829666380964 205 0.7699340878860191 0.5270468030205493
70 0.7885179229891893 0.5803829666380964 272 0.8397749829756442 0.5730644500866465
70 0.7885179229891893 0.5803829666380964 293 0.7679825981700047 0.6434639129398041
71 0.8340423334241631 0.8288183154404992 182 0.8537268054421386 0.7742876229543474
71 0.8340423334241631 0.8288183154404992 189 0.8414497865967046 0.791756022348134
71 0.8340423334241631 0.8288183154404992 218 0.8676916312844443 0.8900668335503253
71 0.8340423334241631 0.8288183154404992 224 0.7807611601594899 0.8844332046961032
72 0.01822300193114368 0.8456164524225551 113 0.011472006911747545 0.7679861352012338
72 0.01822300193114368 0.8456164524225551 148 0.04653528300235055 0.8306901820376015
72 0.01822300193114368 0.8456164524225551 266 0.004540833735310668 0.8684606182102715
73 0.5978237239533403 0.955294521619556 87 0.6025524092882493 0.9032633888836492
73 0.5978237239533403 0.955294521619556 133 0.551959138074074 0.9093432661628315
73 0.5978237239533403 0.955294521619556 138 0.657994011507996 0.9460352442193272
73 0.5978237239533403 0.955294521619556 161 0.5473375092162515 0.9209866240727472
73 0.5978237239533403 0.955294521619556 178 0.6244271715340529 0.9432761468207366
73 0.5978237239533403 0.955294521619556 222 0.6391459380619412 0.9343465503097204
73 0.5978237239533403 0.955294521619556 234 0.558094436893034 0.9498506561471582
74 0.9242576295129434 0.5317042935554165 94 0.9425599756226952 0.4665205275826598
74 0.9242576295129434 0.5317042935554165 162 0.9674134143168234 0.5179403134202636
74 0.9242576295129434 0.5317042935554165 251 0.9312483853582955 0.5225964632405703
75 0.7040299957203129 0.9279663194581669 101 0.6833512644805214 0.8768536272462206
75 0.7040299957203129 0.9279663194581669 110 0.732679098339962 0.9505246264003648
75 0.7040299957203129 0.9279663194581669 138 0.657994011507996 0.9460352442193272
75 0.7040299957203129 0.9279663194581669 222 0.6391459380619412 0.9343465503097204
75 0.7040299957203129 0.9279663194581669 233 0.6483679651892058 0.8922965134258207
75 0.7040299957203129 0.9279663194581669 237 0.6959586683377788 0.9197175041885298
76 0.4822785757962611 0.054563274028827546 89 0.5417603368843222 0.08124821050161402
76 0.4822785757962611 0.054563274028827546 97 0.45586921249079515 0.013933834345835727
77 0.3142283769035381 0.3436584441951309 88 0.2529639993748086 0.36464649023121753
77 0.3142283769035381 0.3436584441951309 151 0.3914467004134635 0.3529340198312545
77 0.3142283769035381 0.3436584441951309 152 0.30175256416876106 0.3103340127920168
77 0.3142283769035381 0.3436584441951309 170 0.38298150846003154 0.3363210311163398
77 0.3142283769035381 0.3436584441951309 186 0.2889384219169291 0.387748738573913
77 0.3142283769035381 0.3436584441951309 221 0.2626778477074633 0.36186630339999126
77 0.3142283769035381 0.3436584441951309 236 0.38548846106206625 0.3699821750753315
77 0.3142283769035381 0.3436584441951309 250 0.2609498425629384 0.36998702034274344
77 0.3142283769035381 0.3436584441951309 288 0.3090379689444318 0.36240150974191054
78 0.07033935643495859 0.5983596253883742 86 0.08069838541281948 0.5622051413356108
78 0.07033935643495859 0.5983596253883742 136 0.059818047960508824 0.6582578062669862
78 0.07033935643495859 0.5983596253883742 238 0.10226025021428953 0.6566602600239633
78 0.07033935643495859 0.5983596253883742 240 0.005618182005487138 0.578805555881098
79 0.9650326809229971 0.2729856726101517 204 0.9520311033085551 0.3165671865569214
79 0.9650326809229971 0.2729856726101517 292 0.9109584284159479 0.3220589758655401
80 0.050863085335858704 0.7607002438867111 113 0.011472006911747545 0.7679861352012338
80 0.050863085335858704 0.7607002438867111 145 0.01925123812289764 0.7278437175904642
80 0.050863085335858704 0.7607002438867111 148 0.04653528300235055 0.8306901820376015
80 0.050863085335858704 0.7607002438867111 201 0.08519226256507328 0.7850448379058111
80 0.050863085335858704 0.7607002438867111 279 0.04707996669830994 0.7260107884988574
80 0.050863085335858704 0.7607002438867111 296 0.09007026821841713 0.7456653870612394
81 0.19021103447324839 0.8650706071299366 183 0.18292902541096767 0.9287560772390848
81 0.19021103447324839 0.8650706071299366 241 0.21890658432205268 0.9091873656068344
82 0.5309763569955988 0.5297265061792628 202 0.476281562660788 0.4763473326678328
82 0.5309763569955988 0.5297265061792628 203 0.5342198815002619 0.5039123830633716
82 0.5309763569955988 0.5297265061792628 220 0.5295667346959668 0.4883296215821037
82 0.5309763569955988 0.5297265061792628 223 0.4727239797466096 0.510267266996627
83 0.6629669054560623 0.2135003624498809 158 0.6936019436486557 0.19544802332609368
83 0.6629669054560623 0.2135003624498809 214 0.6016884425320759 0.24518456300230607
84 0.3249161342743291 0.786011997956928 121 0.37039239723270445 0.7417870026716704
84 0.3249161342743291 0.786011997956928 147 0.3122391930391535 0.8006755405602327
84 0.3249161342743291 0.786011997956928 190 0.3429664476833113 0.7261779160408663
84 0.3249161342743291 0.786011997956928 199 0.3447056435617494 0.7173101208423024
84 0.3249161342743291 0.786011997956928 273 0.2812488059350269 0.7227642268755369
84 0.3249161342743291 0.786011997956928 284 0.3451526605543376 0.7286721810132397
84 0.3249161342743291 0.786011997956928 297 0.2621541693019438 0.7655354076975854
85 0.9411869638165892 0.13003745355940177 109 0.8952056024654053 0.11676700022237729
85 0.9411869638165892 0.13003745355940177 261 0.9256499006288957 0.1113178371834933
86 0.08069838541281948 0.5622051413356108 240 0.005618182005487138 0.578805555881098
87 0.6025524092882493 0.9032633888836492 133 0.551959138074074 0.9093432661628315
87 0.6025524092882493 0.9032633888836492 138 0.657994011507996 0.9460352442193272
87 0.6025524092882493 0.9032633888836492 149 0.6003456587018029 0.8605560308416451
87 0.6025524092882493 0.9032633888836492 161 0.5473375092162515 0.9209866240727472
87 0.6025524092882493 0.9032633888836492 178 0.6244271715340529 0.9432761468207366
87 0.6025524092882493 0.9032633888836492 222 0.6391459380619412 0.9343465503097204
87 0.6025524092882493 0.9032633888836492 233 0.6483679651892058 0.8922965134258207
87 0.6025524092882493 0.9032633888836492 234 0.558094436893034 0.9498506561471582
88 0.2529639993748086 0.36464649023121753 152 0.30175256416876106 0.3103340127920168
88 0.2529639993748086 0.36464649023121753 186 0.2889384219169291 0.387748738573913
88 0.2529639993748086 0.36464649023121753 221 0.2626778477074633 0.36186630339999126
88 0.2529639993748086 0.36464649023121753 243 0.20680019430132535 0.4034088289678147
88 0.2529639993748086 0.36464649023121753 250 0.2609498425629384 0.36998702034274344
88 0.2529639993748086 0.36464649023121753 288 0.3090379689444318 0.36240150974191054
88 0.2529639993748086 0.36464649023121753 298 0.2289118755384969 0.4029498987952638
89 0.5417603368843222 0.08124821050161402 117 0.5394479847058582 0.11716591668917664
90 0.10489353624078679 0.9637290288937596 99 0.08840688805886776 0.9429244979510047
90 0.10489353624078679 0.9637290288937596 230 0.11232891904019171 0.998554371077712
91 0.46870435469606975 0.8105031555882471 108 0.432300458684565 0.7777677354818661
91 0.46870435469606975 0.8105031555882471 290 0.46346635842966055 0.8082147490717083
92 0.20430935302637943 0.1935599751970397 104 0.17508974944886335 0.23899052042360847
92 0.20430935302637943 0.1935599751970397 105 0.20745116541996278 0.16309122847923996
92 0.20430935302637943 0.1935599751970397 219 0.21373705263093956 0.2580197372657128
93 0.1943149660522927 0.2878873205014073 104 0.17508974944886335 0.23899052042360847
93 0.1943149660522927 0.2878873205014073 116 0.18764745962397344 0.27672507774880084
93 0.1943149660522927 0.2878873205014073 171 0.1575870914961397 0.292204789954431
93 0.1943149660522927 0.2878873205014073 219 0.21373705263093956 0.2580197372657128
94 0.9425599756226952 0.4665205275826598 143 0.9465198096368667 0.40377845011607727
94 0.9425599756226952 0.4665205275826598 162 0.9674134143168234 0.5179403134202636
94 0.9425599756226952 0.4665205275826598 165 0.8942114824400492 0.4090025581156017
94 0.9425599756226952 0.4665205275826598 251 0.9312483853582955 0.5225964632405703
95 0.11986147576454398 0.4378036896710439 118 0.07810948312298716 0.38188326602811684
95 0.11986147576454398 0.4378036896710439 120 0.14166773753551876 0.39723457660127137
95 0.11986147576454398 0.4378036896710439 146 0.138451201387625 0.47730309644268165
95 0.11986147576454398 0.4378036896710439 196 0.09178231570170126 0.4305981502899685
95 0.11986147576454398 0.4378036896710439 289 0.08086371497749933 0.38639087374852665
96 0.4495085609584276 0.9046096217441582 174 0.4368729487404108 0.9322547331382057
96 0.4495085609584276 0.9046096217441582 225 0.3831380856039218 0.916858021711589
96 0.4495085609584276 0.9046096217441582 253 0.4573494453185296 0.9261274540021092
98 0.9039229877143774 0.2169971877614948 229 0.8887378385982614 0.22976016617531758
99 0.08840688805886776 0.9429244979510047 124 0.026219491696759745 0.9646019450140249
99 0.08840688805886776 0.9429244979510047 198 0.011667921712698481 0.9385298758675703
99 0.08840688805886776 0.9429244979510047 230 0.11232891904019171 0.998554371077712
100 0.6457928668404869 0.712000115440574 167 0.6387871563607376 0.7621646693082677
100 0.6457928668404869 0.712000115440574 194 0.6887226973392773 0.7455548082587506
100 0.6457928668404869 0.712000115440574 254 0.6418319219823944 0.6479302176166708
100 0.6457928668404869 0.712000115440574 257 0.6108911211245788 0.7136506582742788
100 0.6457928668404869 0.712000115440574 277 0.6032436090230234 0.6838831506122663
101 0.6833512644805214 0.8768536272462206 123 0.6716284167164063 0.819187911369092
101 0.6833512644805214 0.8768536272462206 138 0.657994011507996 0.9460352442193272
101 0.6833512644805214 0.8768536272462206 222 0.6391459380619412 0.9343465503097204
101 0.6833512644805214 0.8768536272462206 232 0.7469429454046143 0.8505186550577668
101 0.6833512644805214 0.8768536272462206 233 0.6483679651892058 0.8922965134258207
101 0.6833512644805214 0.8768536272462206 237 0.6959586683377788 0.9197175041885298
101 0.6833512644805214 0.8768536272462206 281 0.6327562754878372 0.8218968166371576
102 0.6855742235943837 0.12173524127414881 131 0.6600187894665926 0.08317482809637344
102 0.6855742235943837 0.12173524127414881 144 0.6351400921616948 0.1300528033849382
102 0.6855742235943837 0.12173524127414881 158 0.6936019436486557 0.19544802332609368
102 0.6855742235943837 0.12173524127414881 163 0.7462014757010605 0.08722986293989188
102 0.6855742235943837 0.12173524127414881 210 0.7110915948289399 0.12823657790027887
102 0.6855742235943837 0.12173524127414881 264 0.7443495745964916 0.15715820695083127
102 0.6855742235943837 0.12173524127414881 265 0.6842721839091496 0.11935643858814671
102 0.6855742235943837 0.12173524127414881 286 0.7174176714679675 0.05482957913109199
104 0.17508974944886335 0.23899052042360847 116 0.18764745962397344 0.27672507774880084
104 0.17508974944886335 0.23899052042360847 171 0.1575870914961397 0.292204789954431
104 0.17508974944886335 0.23899052042360847 219 0.21373705263093956 0.2580197372657128
106 0.1557892092364761 0.7183964562737398 169 0.1491896504122464 0.6423946000390771
106 0.1557892092364761 0.7183964562737398 195 0.12218639343910709 0.6969854276708151
106 0.1557892092364761 0.7183964562737398 245 0.13054746435740405 0.6791895052348134
106 0.1557892092364761 0.7183964562737398 246 0.14065425083353655 0.7202615119848902
106 0.1557892092364761 0.7183964562737398 296 0.09007026821841713 0.7456653870612394
107 0.46033532271795174 0.30629295280839697 134 0.40526908953417307 0.34791781758495655
107 0.46033532271795174 0.30629295280839697 172 0.4240783334711037 0.3015918358049291
107 0.46033532271795174 0.30629295280839697 207 0.5008237198747673 0.34709678279663647
107 0.46033532271795174 0.30629295280839697 208 0.4651600853378436 0.25401030880401543
108 0.432300458684565 0.7777677354818661 121 0.37039239723270445 0.7417870026716704
108 0.432300458684565 0.7777677354818661 290 0.46346635842966055 0.8082147490717083
109 0.8952056024654053 0.11676700022237729 188 0.8519692906025832 0.07972955902955803
109 0.8952056024654053 0.11676700022237729 261 0.9256499006288957 0.1113178371834933
110 0.732679098339962 0.9505246264003648 138 0.657994011507996 0.9460352442193272
110 0.732679098339962 0.9505246264003648 237 0.6959586683377788 0.9197175041885298
111 0.15440783813525494 0.5346022024488682 135 0.2032690329897795 0.5504248353869169
111 0.15440783813525494 0.5346022024488682 146 0.138451201387625 0.47730309644268165
111 0.15440783813525494 0.5346022024488682 176 0.19462452494736904 0.48517612818440803
111 0.15440783813525494 0.5346022024488682 179 0.2079508884533966 0.4971703728718867
112 0.41149021728950785 0.48639261440819503 137 0.43724852573044704 0.4219929789998971
112 0.41149021728950785 0.48639261440819503 141 0.36676245792037876 0.4266294850573906
112 0.41149021728950785 0.48639261440819503 202 0.476281562660788 0.4763473326678328
112 0.41149021728950785 0.48639261440819503 216 0.47196607737145746 0.45314676699054224
112 0.41149021728950785 0.48639261440819503 223 0.4727239797466096 0.510267266996627
112 0.41149021728950785 0.48639261440819503 227 0.4216645166389793 0.44883192339112044
113 0.011472006911747545 0.7679861352012338 145 0.01925123812289764 0.7278437175904642
113 0.011472006911747545 0.7679861352012338 148 0.04653528300235055 0.8306901820376015
113 0.011472006911747545 0.7679861352012338 201 0.08519226256507328 0.7850448379058111
113 0.011472006911747545 0.7679861352012338 279 0.04707996669830994 0.7260107884988574
114 0.8278333896954844 0.47511787801353345 153 0.751516454538823 0.4667871299278089
114 0.8278333896954844 0.47511787801353345 184 0.8115143015117247 0.512323514558213
114 0.8278333896954844 0.47511787801353345 205 0.7699340878860191 0.5270468030205493
114 0.8278333896954844 0.47511787801353345 258 0.8550468158322863 0.40392510303772
115 0.26023469468202687 0.49157460937284136 159 0.24917161240124286 0.5183131328612024
115 0.26023469468202687 0.49157460937284136 176 0.19462452494736904 0.48517612818440803
115 0.26023469468202687 0.49157460937284136 179 0.2079508884533966 0.4971703728718867
115 0.26023469468202687 0.49157460937284136 212 0.31501770428698794 0.4906816343192545
115 0.26023469468202687 0.49157460937284136 215 0.30255914920700633 0.5198677814479817
115 0.26023469468202687 0.49157460937284136 226 0.28517603163613414 0.4913492016092046
115 0.26023469468202687 0.49157460937284136 255 0.2732403125059347 0.5321403381131371
116 0.18764745962397344 0.27672507774880084 171 0.1575870914961397 0.292204789954431
116 0.18764745962397344 0.27672507774880084 219 0.21373705263093956 0.2580197372657128
118 0.07810948312298716 0.38188326602811684 120 0.14166773753551876 0.39723457660127137
118 0.07810948312298716 0.38188326602811684 196 0.09178231570170126 0.4305981502899685
118 0.07810948312298716 0.38188326602811684 206 0.12911602793322363 0.34838777336091786
118 0.07810948312298716 0.38188326602811684 231 0.11695451823573377 0.31938571324042153
118 0.07810948312298716 0.38188326602811684 289 0.08086371497749933 0.38639087374852665
119 0.39539622818154796 0.35448377055359725 134 0.40526908953417307 0.34791781758495655
119 0.39539622818154796 0.35448377055359725 141 0.36676245792037876 0.4266294850573906
119 0.39539622818154796 0.35448377055359725 151 0.3914467004134635 0.3529340198312545
119 0.39539622818154796 0.35448377055359725 170 0.38298150846003154 0.3363210311163398
119 0.39539622818154796 0.35448377055359725 172 0.4240783334711037 0.3015918358049291
119 0.39539622818154796 0.35448377055359725 236 0.38548846106206625 0.3699821750753315
119 0.39539622818154796 0.35448377055359725 295 0.38724212093257837 0.3829297397653971
120 0.14166773753551876 0.39723457660127137 196 0.09178231570170126 0.4305981502899685
120 0.14166773753551876 0.39723457660127137 206 0.12911602793322363 0.34838777336091786
120 0.14166773753551876 0.39723457660127137 243 0.20680019430132535 0.4034088289678147
120 0.14166773753551876 0.39723457660127137 289 0.08086371497749933 0.38639087374852665
121 0.37039239723270445 0.7417870026716704 190 0.3429664476833113 0.7261779160408663
121 0.37039239723270445 0.7417870026716704 199 0.3447056435617494 0.7173101208423024
121 0.37039239723270445 0.7417870026716704 242 0.3687576760763236 0.6668395302377784
121 0.37039239723270445 0.7417870026716704 256 0.35474121259075 0.6826922270216725
121 0.37039239723270445 0.7417870026716704 284 0.3451526605543376 0.7286721810132397
122 0.33822550308682753 0.4530795514826429 141 0.36676245792037876 0.4266294850573906
122 0.33822550308682753 0.4530795514826429 212 0.31501770428698794 0.4906816343192545
122 0.33822550308682753 0.4530795514826429 215 0.30255914920700633 0.5198677814479817
122 0.33822550308682753 0.4530795514826429 226 0.28517603163613414 0.4913492016092046
123 0.6716284167164063 0.819187911369092 164 0.6169662570355422 0.8123887060870562
123 0.6716284167164063 0.819187911369092 167 0.6387871563607376 0.7621646693082677
123 0.6716284167164063 0.819187911369092 194 0.6887226973392773 0.7455548082587506
123 0.6716284167164063 0.819187911369092 233 0.6483679651892058 0.8922965134258207
123 0.6716284167164063 0.819187911369092 278 0.7339748494636205 0.7788833806177624
123 0.6716284167164063 0.819187911369092 281 0.6327562754878372 0.8218968166371576
124 0.026219491696759745 0.9646019450140249 198 0.011667921712698481 0.9385298758675703
125 0.022704446042095316 0.14197560239886076 248 0.08808827529910823 0.1555623337116584
125 0.022704446042095316 0.14197560239886076 262 0.02604265284453522 0.19709923634879634
125 0.022704446042095316 0.14197560239886076 269 0.06388246541912035 0.11587386744997974
125 0.022704446042095316 0.14197560239886076 270 0.03419178749943319 0.17360447364536924
126 0.6568125396962353 0.3428547878509569 127 0.6292645145021435 0.3869044955694667
126 0.6568125396962353 0.3428547878509569 130 0.7085827138443511 0.30498460177549835
126 0.6568125396962353 0.3428547878509569 156 0.6311254404951214 0.41306792641045775
126 0.6568125396962353 0.3428547878509569 177 0.6285163413390995 0.38344698133242605
126 0.6568125396962353 0.3428547878509569 181 0.7164675721940446 0.356135757729966
126 0.6568125396962353 0.3428547878509569 213 0.6533139083526108 0.4119057736297169
127 0.6292645145021435 0.3869044955694667 156 0.6311254404951214 0.41306792641045775
127 0.6292645145021435 0.3869044955694667 175 0.5705414252580602 0.3760952551133162
127 0.6292645145021435 0.3869044955694667 177 0.6285163413390995 0.38344698133242605
127 0.6292645145021435 0.3869044955694667 213 0.6533139083526108 0.4119057736297169
127 0.6292645145021435 0.3869044955694667 249 0.6368302773841857 0.4563559236067153
128 0.220147057671911 0.9480190686951664 157 0.2696415468688588 0.9425096831021631
128 0.220147057671911 0.9480190686951664 173 0.24407865979916332 0.9772884989438898
128 0.220147057671911 0.9480190686951664 183 0.18292902541096767 0.9287560772390848
128 0.220147057671911 0.9480190686951664 217 0.25896757485085986 0.9028125448899426
128 0.220147057671911 0.9480190686951664 241 0.21890658432205268 0.9091873656068344
128 0.220147057671911 0.9480190686951664 268 0.22942016381665287 0.95613015898751
129 0.8005167910836292 0.39132215067656184 132 0.7690675462959544 0.36009260774893936
129 0.8005167910836292 0.39132215067656184 258 0.8550468158322863 0.40392510303772
130 0.7085827138443511 0.30498460177549835 181 0.7164675721940446 0.356135757729966
130 0.7085827138443511 0.30498460177549835 185 0.7644220316493515 0.31291414672307183
131 0.6600187894665926 0.08317482809637344 144 0.6351400921616948 0.1300528033849382
131 0.6600187894665926 0.08317482809637344 210 0.7110915948289399 0.12823657790027887
131 0.6600187894665926 0.08317482809637344 265 0.6842721839091496 0.11935643858814671
131 0.6600187894665926 0.08317482809637344 286 0.7174176714679675 0.05482957913109199
132 0.7690675462959544 0.36009260774893936 181 0.7164675721940446 0.356135757729966
132 0.7690675462959544 0.36009260774893936 185 0.7644220316493515 0.31291414672307183
133 0.551959138074074 0.9093432661628315 149 0.6003456587018029 0.8605560308416451
133 0.551959138074074 0.9093432661628315 161 0.5473375092162515 0.9209866240727472
133 0.551959138074074 0.9093432661628315 234 0.558094436893034 0.9498506561471582
134 0.40526908953417307 0.34791781758495655 151 0.3914467004134635 0.3529340198312545
134 0.40526908953417307 0.34791781758495655 170 0.38298150846003154 0.3363210311163398
134 0.40526908953417307 0.34791781758495655 172 0.4240783334711037 0.3015918358049291
134 0.40526908953417307 0.34791781758495655 236 0.38548846106206625 0.3699821750753315
134 0.40526908953417307 0.34791781758495655 295 0.38724212093257837 0.3829297397653971
135 0.2032690329897795 0.5504248353869169 140 0.22640898827698752 0.6106090064722146
135 0.2032690329897795 0.5504248353869169 159 0.24917161240124286 0.5183131328612024
135 0.2032690329897795 0.5504248353869169 176 0.19462452494736904 0.48517612818440803
135 0.2032690329897795 0.5504248353869169 179 0.2079508884533966 0.4971703728718867
135 0.2032690329897795 0.5504248353869169 255 0.2732403125059347 0.5321403381131371
136 0.059818047960508824 0.6582578062669862 195 0.12218639343910709 0.6969854276708151
136 0.059818047960508824 0.6582578062669862 209 0.07949133774941186 0.6817659744267988
136 0.059818047960508824 0.6582578062669862 238 0.10226025021428953 0.6566602600239633
136 0.059818047960508824 0.6582578062669862 244 0.005883552671464565 0.6845072912236385
136 0.059818047960508824 0.6582578062669862 245 0.13054746435740405 0.6791895052348134
136 0.059818047960508824 0.6582578062669862 279 0.04707996669830994 0.7260107884988574
137 0.43724852573044704 0.4219929789998971 141 0.36676245792037876 0.4266294850573906
137 0.43724852573044704 0.4219929789998971 202 0.476281562660788 0.4763473326678328
137 0.43724852573044704 0.4219929789998971 216 0.47196607737145746 0.45314676699054224
137 0.43724852573044704 0.4219929789998971 227 0.4216645166389793 0.44883192339112044
137 0.43724852573044704 0.4219929789998971 236 0.38548846106206625 0.3699821750753315
137 0.43724852573044704 0.4219929789998971 295 0.38724212093257837 0.3829297397653971
138 0.657994011507996 0.9460352442193272 178 0.6244271715340529 0.9432761468207366
138 0.657994011507996 0.9460352442193272 222 0.6391459380619412 0.9343465503097204
138 0.657994011507996 0.9460352442193272 233 0.6483679651892058 0.8922965134258207
138 0.657994011507996 0.9460352442193272 237 0.6959586683377788 0.9197175041885298
139 0.25099361991488267 0.7055282413226195 191 0.23368847201298037 0.7736858588062813
139 0.25099361991488267 0.7055282413226195 239 0.2381459655392527 0.6435405453313623
139 0.25099361991488267 0.7055282413226195 273 0.2812488059350269 0.7227642268755369
139 0.25099361991488267 0.7055282413226195 291 0.3056615382038931 0.6843325410173635
139 0.25099361991488267 0.7055282413226195 297 0.2621541693019438 0.7655354076975854
140 0.22640898827698752 0.6106090064722146 239 0.2381459655392527 0.6435405453313623
141 0.36676245792037876 0.4266294850573906 151 0.3914467004134635 0.3529340198312545
141 0.36676245792037876 0.4266294850573906 227 0.4216645166389793 0.44883192339112044
141 0.36676245792037876 0.4266294850573906 236 0.38548846106206625 0.3699821750753315
141 0.36676245792037876 0.4266294850573906 295 0.38724212093257837 0.3829297397653971
143 0.9465198096368667 0.40377845011607727 165 0.8942114824400492 0.4090025581156017
144 0.6351400921616948 0.1300528033849382 210 0.7110915948289399 0.12823657790027887
144 0.6351400921616948 0.1300528033849382 265 0.6842721839091496 0.11935643858814671
145 0.01925123812289764 0.7278437175904642 209 0.07949133774941186 0.6817659744267988
145 0.01925123812289764 0.7278437175904642 244 0.005883552671464565 0.6845072912236385
145 0.01925123812289764 0.7278437175904642 279 0.04707996669830994 0.7260107884988574
145 0.01925123812289764 0.7278437175904642 296 0.09007026821841713 0.7456653870612394
146 0.138451201387625 0.47730309644268165 176 0.19462452494736904 0.48517612818440803
146 0.138451201387625 0.47730309644268165 179 0.2079508884533966 0.4971703728718867
146 0.138451201387625 0.47730309644268165 196 0.09178231570170126 0.4305981502899685
147 0.3122391930391535 0.8006755405602327 297 0.2621541693019438 0.7655354076975854
148 0.04653528300235055 0.8306901820376015 201 0.08519226256507328 0.7850448379058111
148 0.04653528300235055 0.8306901820376015 266 0.004540833735310668 0.8684606182102715
149 0.6003456587018029 0.8605560308416451 164 0.6169662570355422 0.8123887060870562
149 0.6003456587018029 0.8605560308416451 233 0.6483679651892058 0.8922965134258207
149 0.6003456587018029 0.8605560308416451 281 0.6327562754878372 0.8218968166371576
150 0.3698079232227063 0.20531760273118238 180 0.37024866745226515 0.20094393979715552
150 0.3698079232227063 0.20531760273118238 228 0.4239950944485339 0.19221433381219433
151 0.3914467004134635 0.3529340198312545 170 0.38298150846003154 0.3363210311163398
151 0.3914467004134635 0.3529340198312545 172 0.4240783334711037 0.3015918358049291
151 0.3914467004134635 0.3529340198312545 236 0.38548846106206625 0.3699821750753315
151 0.3914467004134635 0.3529340198312545 295 0.38724212093257837 0.3829297397653971
152 0.30175256416876106 0.3103340127920168 221 0.2626778477074633 0.36186630339999126
152 0.30175256416876106 0.3103340127920168 250 0.2609498425629384 0.36998702034274344
152 0.30175256416876106 0.3103340127920168 288 0.3090379689444318 0.36240150974191054
153 0.751516454538823 0.4667871299278089 184 0.8115143015117247 0.512323514558213
153 0.751516454538823 0.4667871299278089 205 0.7699340878860191 0.5270468030205493
154 0.8116859904526794 0.9567558953345525 168 0.8698138298986484 0.940233290515617
154 0.8116859904526794 0.9567558953345525 192 0.85040049351793 0.9192768679966093
154 0.8116859904526794 0.9567558953345525 263 0.8638295168711404 0.9265668099276249
155 0.3394594551128022 0.6501185980867216 190 0.3429664476833113 0.7261779160408663
155 0.3394594551128022 0.6501185980867216 197 0.4164959767707167 0.6488896160456834
155 0.3394594551128022 0.6501185980867216 199 0.3447056435617494 0.7173101208423024
155 0.3394594551128022 0.6501185980867216 242 0.3687576760763236 0.6668395302377784
155 0.3394594551128022 0.6501185980867216 256 0.35474121259075 0.6826922270216725
155 0.3394594551128022 0.6501185980867216 291 0.3056615382038931 0.6843325410173635
156 0.6311254404951214 0.41306792641045775 175 0.5705414252580602 0.3760952551133162
156 0.6311254404951214 0.41306792641045775 177 0.6285163413390995 0.38344698133242605
156 0.6311254404951214 0.41306792641045775 213 0.6533139083526108 0.4119057736297169
156 0.6311254404951214 0.41306792641045775 249 0.6368302773841857 0.4563559236067153
157 0.2696415468688588 0.9425096831021631 173 0.24407865979916332 0.9772884989438898
157 0.2696415468688588 0.9425096831021631 217 0.25896757485085986 0.9028125448899426
157 0.2696415468688588 0.9425096831021631 241 0.21890658432205268 0.9091873656068344
157 0.2696415468688588 0.9425096831021631 268 0.22942016381665287 0.95613015898751
158 0.6936019436486557 0.19544802332609368 210 0.7110915948289399 0.12823657790027887
158 0.6936019436486557 0.19544802332609368 264 0.7443495745964916 0.15715820695083127
158 0.6936019436486557 0.19544802332609368 265 0.6842721839091496 0.11935643858814671
159 0.24917161240124286 0.5183131328612024 176 0.19462452494736904 0.48517612818440803
159 0.24917161240124286 0.5183131328612024 179 0.2079508884533966 0.4971703728718867
159 0.24917161240124286 0.5183131328612024 212 0.31501770428698794 0.4906816343192545
159 0.24917161240124286 0.5183131328612024 215 0.30255914920700633 0.5198677814479817
159 0.24917161240124286 0.5183131328612024 226 0.28517603163613414 0.4913492016092046
159 0.24917161240124286 0.5183131328612024 255 0.2732403125059347 0.5321403381131371
160 0.9324917109298324 0.9757530561932424 168 0.8698138298986484 0.940233290515617
160 0.9324917109298324 0.9757530561932424 294 0.989823033968017 0.9263039923841138
161 0.5473375092162515 0.9209866240727472 234 0.558094436893034 0.9498506561471582
161 0.5473375092162515 0.9209866240727472 299 0.519475464387949 0.9872259883771205
162 0.9674134143168234 0.5179403134202636 251 0.9312483853582955 0.5225964632405703
163 0.7462014757010605 0.08722986293989188 210 0.7110915948289399 0.12823657790027887
163 0.7462014757010605 0.08722986293989188 235 0.7887681506534051 0.08054790106155407
163 0.7462014757010605 0.08722986293989188 264 0.7443495745964916 0.15715820695083127
163 0.7462014757010605 0.08722986293989188 265 0.6842721839091496 0.11935643858814671
163 0.7462014757010605 0.08722986293989188 286 0.7174176714679675 0.05482957913109199
164 0.6169662570355422 0.8123887060870562 167 0.6387871563607376 0.7621646693082677
164 0.6169662570355422 0.8123887060870562 281 0.6327562754878372 0.8218968166371576
165 0.8942114824400492 0.4090025581156017 258 0.8550468158322863 0.40392510303772
166 0.36405983847600276 0.8676229987683557 225 0.3831380856039218 0.916858021711589
167 0.6387871563607376 0.7621646693082677 194 0.6887226973392773 0.7455548082587506
167 0.6387871563607376 0.7621646693082677 257 0.6108911211245788 0.7136506582742788
167 0.6387871563607376 0.7621646693082677 281 0.6327562754878372 0.8218968166371576
168 0.8698138298986484 0.940233290515617 192 0.85040049351793 0.9192768679966093
168 0.8698138298986484 0.940233290515617 218 0.8676916312844443 0.8900668335503253
168 0.8698138298986484 0.940233290515617 263 0.8638295168711404 0.9265668099276249
169 0.1491896504122464 0.6423946000390771 195 0.12218639343910709 0.6969854276708151
169 0.1491896504122464 0.6423946000390771 238 0.10226025021428953 0.6566602600239633
169 0.1491896504122464 0.6423946000390771 245 0.13054746435740405 0.6791895052348134
169 0.1491896504122464 0.6423946000390771 246 0.14065425083353655 0.7202615119848902
170 0.38298150846003154 0.3363210311163398 172 0.4240783334711037 0.3015918358049291
170 0.38298150846003154 0.3363210311163398 236 0.38548846106206625 0.3699821750753315
170 0.38298150846003154 0.3363210311163398 295 0.38724212093257837 0.3829297397653971
171 0.1575870914961397 0.292204789954431 206 0.12911602793322363 0.34838777336091786
171 0.1575870914961397 0.292204789954431 219 0.21373705263093956 0.2580197372657128
171 0.1575870914961397 0.292204789954431 231 0.11695451823573377 0.31938571324042153
172 0.4240783334711037 0.3015918358049291 208 0.4651600853378436 0.25401030880401543
173 0.24407865979916332 0.9772884989438898 183 0.18292902541096767 0.9287560772390848
173 0.24407865979916332 0.9772884989438898 217 0.25896757485085986 0.9028125448899426
173 0.24407865979916332 0.9772884989438898 241 0.21890658432205268 0.9091873656068344
173 0.24407865979916332 0.9772884989438898 268 0.22942016381665287 0.95613015898751
174 0.4368729487404108 0.9322547331382057 225 0.3831380856039218 0.916858021711589
174 0.4368729487404108 0.9322547331382057 253 0.4573494453185296 0.9261274540021092
175 0.5705414252580602 0.3760952551133162 177 0.6285163413390995 0.38344698133242605
175 0.5705414252580602 0.3760952551133162 207 0.5008237198747673 0.34709678279663647
175 0.5705414252580602 0.3760952551133162 275 0.552051174617276 0.3452350507872409
175 0.5705414252580602 0.3760952551133162 285 0.5302134338192972 0.39021166733477664
176 0.19462452494736904 0.48517612818440803 179 0.2079508884533966 0.4971703728718867
177 0.6285163413390995 0.38344698133242605 213 0.6533139083526108 0.4119057736297169
177 0.6285163413390995 0.38344698133242605 249 0.6368302773841857 0.4563559236067153
178 0.6244271715340529 0.9432761468207366 222 0.6391459380619412 0.9343465503097204
178 0.6244271715340529 0.9432761468207366 233 0.6483679651892058 0.8922965134258207
178 0.6244271715340529 0.9432761468207366 234 0.558094436893034 0.9498506561471582
178 0.6244271715340529 0.9432761468207366 237 0.6959586683377788 0.9197175041885298
179 0.2079508884533966 0.4971703728718867 226 0.28517603163613414 0.4913492016092046
179 0.2079508884533966 0.4971703728718867 255 0.2732403125059347 0.5321403381131371
180 0.37024866745226515 0.20094393979715552 228 0.4239950944485339 0.19221433381219433
181 0.7164675721940446 0.356135757729966 185 0.7644220316493515 0.31291414672307183
182 0.8537268054421386 0.7742876229543474 189 0.8414497865967046 0.791756022348134
182 0.8537268054421386 0.7742876229543474 211 0.8041747428139043 0.7162959631087845
183 0.18292902541096767 0.9287560772390848 241 0.21890658432205268 0.9091873656068344
183 0.18292902541096767 0.9287560772390848 268 0.22942016381665287 0.95613015898751
184 0.8115143015117247 0.512323514558213 205 0.7699340878860191 0.5270468030205493
184 0.8115143015117247 0.512323514558213 272 0.8397749829756442 0.5730644500866465
186 0.2889384219169291 0.387748738573913 221 0.2626778477074633 0.36186630339999126
186 0.2889384219169291 0.387748738573913 250 0.2609498425629384 0.36998702034274344
186 0.2889384219169291 0.387748738573913 288 0.3090379689444318 0.36240150974191054
186 0.2889384219169291 0.387748738573913 298 0.2289118755384969 0.4029498987952638
187 0.3423843657663286 0.10145017640481102 274 0.3939714654631886 0.10444566029080493
188 0.8519692906025832 0.07972955902955803 235 0.7887681506534051 0.08054790106155407
190 0.3429664476833113 0.7261779160408663 199 0.3447056435617494 0.7173101208423024
190 0.3429664476833113 0.7261779160408663 242 0.3687576760763236 0.6668395302377784
190 0.3429664476833113 0.7261779160408663 256 0.35474121259075 0.6826922270216725
190 0.3429664476833113 0.7261779160408663 273 0.2812488059350269 0.7227642268755369
190 0.3429664476833113 0.7261779160408663 284 0.3451526605543376 0.7286721810132397
190 0.3429664476833113 0.7261779160408663 291 0.3056615382038931 0.6843325410173635
191 0.23368847201298037 0.7736858588062813 273 0.2812488059350269 0.7227642268755369
191 0.23368847201298037 0.7736858588062813 297 0.2621541693019438 0.7655354076975854
192 0.85040049351793 0.9192768679966093 218 0.8676916312844443 0.8900668335503253
192 0.85040049351793 0.9192768679966093 224 0.7807611601594899 0.8844332046961032
192 0.85040049351793 0.9192768679966093 263 0.8638295168711404 0.9265668099276249
193 0.8012709747865467 0.016907882273124564 235 0.7887681506534051 0.08054790106155407
194 0.6887226973392773 0.7455548082587506 278 0.7339748494636205 0.7788833806177624
194 0.6887226973392773 0.7455548082587506 280 0.7500785741711357 0.7463937895896541
195 0.12218639343910709 0.6969854276708151 209 0.07949133774941186 0.6817659744267988
195 0.12218639343910709 0.6969854276708151 238 0.10226025021428953 0.6566602600239633
195 0.12218639343910709 0.6969854276708151 245 0.13054746435740405 0.6791895052348134
195 0.12218639343910709 0.6969854276708151 246 0.14065425083353655 0.7202615119848902
195 0.12218639343910709 0.6969854276708151 296 0.09007026821841713 0.7456653870612394
196 0.09178231570170126 0.4305981502899685 289 0.08086371497749933 0.38639087374852665
197 0.4164959767707167 0.6488896160456834 242 0.3687576760763236 0.6668395302377784
197 0.4164959767707167 0.6488896160456834 256 0.35474121259075 0.6826922270216725
198 0.011667921712698481 0.9385298758675703 266 0.004540833735310668 0.8684606182102715
199 0.3447056435617494 0.7173101208423024 242 0.3687576760763236 0.6668395302377784
199 0.3447056435617494 0.7173101208423024 256 0.35474121259075 0.6826922270216725
199 0.3447056435617494 0.7173101208423024 273 0.2812488059350269 0.7227642268755369
199 0.3447056435617494 0.7173101208423024 284 0.3451526605543376 0.7286721810132397
199 0.3447056435617494 0.7173101208423024 291 0.3056615382038931 0.6843325410173635
200 0.8845752911233625 0.6976719535691672 259 0.9180362594616749 0.7049043927737491
201 0.08519226256507328 0.7850448379058111 279 0.04707996669830994 0.7260107884988574
201 0.08519226256507328 0.7850448379058111 296 0.09007026821841713 0.7456653870612394
202 0.476281562660788 0.4763473326678328 203 0.5342198815002619 0.5039123830633716
202 0.476281562660788 0.4763473326678328 216 0.47196607737145746 0.45314676699054224
202 0.476281562660788 0.4763473326678328 220 0.5295667346959668 0.4883296215821037
202 0.476281562660788 0.4763473326678328 223 0.4727239797466096 0.510267266996627
202 0.476281562660788 0.4763473326678328 227 0.4216645166389793 0.44883192339112044
203 0.5342198815002619 0.5039123830633716 220 0.5295667346959668 0.4883296215821037
203 0.5342198815002619 0.5039123830633716 223 0.4727239797466096 0.510267266996627
204 0.9520311033085551 0.3165671865569214 292 0.9109584284159479 0.3220589758655401
206 0.12911602793322363 0.34838777336091786 231 0.11695451823573377 0.31938571324042153
206 0.12911602793322363 0.34838777336091786 289 0.08086371497749933 0.38639087374852665
207 0.5008237198747673 0.34709678279663647 275 0.552051174617276 0.3452350507872409
207 0.5008237198747673 0.34709678279663647 285 0.5302134338192972 0.39021166733477664
208 0.4651600853378436 0.25401030880401543 228 0.4239950944485339 0.19221433381219433
208 0.4651600853378436 0.25401030880401543 260 0.45351998601719645 0.22176433213306346
209 0.07949133774941186 0.6817659744267988 238 0.10226025021428953 0.6566602600239633
209 0.07949133774941186 0.6817659744267988 244 0.005883552671464565 0.6845072912236385
209 0.07949133774941186 0.6817659744267988 245 0.13054746435740405 0.6791895052348134
209 0.07949133774941186 0.6817659744267988 246 0.14065425083353655 0.7202615119848902
209 0.07949133774941186 0.6817659744267988 279 0.04707996669830994 0.7260107884988574
209 0.07949133774941186 0.6817659744267988 296 0.09007026821841713 0.7456653870612394
210 0.7110915948289399 0.12823657790027887 264 0.7443495745964916 0.15715820695083127
210 0.7110915948289399 0.12823657790027887 265 0.6842721839091496 0.11935643858814671
210 0.7110915948289399 0.12823657790027887 286 0.7174176714679675 0.05482957913109199
211 0.8041747428139043 0.7162959631087845 252 0.7938569277150722 0.6768321049552534
211 0.8041747428139043 0.7162959631087845 280 0.7500785741711357 0.7463937895896541
212 0.31501770428698794 0.4906816343192545 215 0.30255914920700633 0.5198677814479817
212 0.31501770428698794 0.4906816343192545 226 0.28517603163613414 0.4913492016092046
212 0.31501770428698794 0.4906816343192545 255 0.2732403125059347 0.5321403381131371
213 0.6533139083526108 0.4119057736297169 249 0.6368302773841857 0.4563559236067153
215 0.30255914920700633 0.5198677814479817 226 0.28517603163613414 0.4913492016092046
215 0.30255914920700633 0.5198677814479817 255 0.2732403125059347 0.5321403381131371
216 0.47196607737145746 0.45314676699054224 220 0.5295667346959668 0.4883296215821037
216 0.47196607737145746 0.45314676699054224 223 0.4727239797466096 0.510267266996627
216 0.47196607737145746 0.45314676699054224 227 0.4216645166389793 0.44883192339112044
217 0.25896757485085986 0.9028125448899426 241 0.21890658432205268 0.9091873656068344
217 0.25896757485085986 0.9028125448899426 268 0.22942016381665287 0.95613015898751
218 0.8676916312844443 0.8900668335503253 263 0.8638295168711404 0.9265668099276249
220 0.5295667346959668 0.4883296215821037 223 0.4727239797466096 0.510267266996627
221 0.2626778477074633 0.36186630339999126 243 0.20680019430132535 0.4034088289678147
221 0.2626778477074633 0.36186630339999126 250 0.2609498425629384 0.36998702034274344
221 0.2626778477074633 0.36186630339999126 288 0.3090379689444318 0.36240150974191054
221 0.2626778477074633 0.36186630339999126 298 0.2289118755384969 0.4029498987952638
222 0.6391459380619412 0.9343465503097204 233 0.6483679651892058 0.8922965134258207
222 0.6391459380619412 0.9343465503097204 237 0.6959586683377788 0.9197175041885298
224 0.7807611601594899 0.8844332046961032 232 0.7469429454046143 0.8505186550577668
225 0.3831380856039218 0.916858021711589 253 0.4573494453185296 0.9261274540021092
226 0.28517603163613414 0.4913492016092046 255 0.2732403125059347 0.5321403381131371
227 0.4216645166389793 0.44883192339112044 295 0.38724212093257837 0.3829297397653971
228 0.4239950944485339 0.19221433381219433 260 0.45351998601719645 0.22176433213306346
231 0.11695451823573377 0.31938571324042153 289 0.08086371497749933 0.38639087374852665
232 0.7469429454046143 0.8505186550577668 278 0.7339748494636205 0.7788833806177624
233 0.6483679651892058 0.8922965134258207 237 0.6959586683377788 0.9197175041885298
233 0.6483679651892058 0.8922965134258207 281 0.6327562754878372 0.8218968166371576
234 0.558094436893034 0.9498506561471582 299 0.519475464387949 0.9872259883771205
235 0.7887681506534051 0.08054790106155407 286 0.7174176714679675 0.05482957913109199
236 0.38548846106206625 0.3699821750753315 288 0.3090379689444318 0.36240150974191054
236 0.38548846106206625 0.3699821750753315 295 0.38724212093257837 0.3829297397653971
238 0.10226025021428953 0.6566602600239633 245 0.13054746435740405 0.6791895052348134
238 0.10226025021428953 0.6566602600239633 246 0.14065425083353655 0.7202615119848902
241 0.21890658432205268 0.9091873656068344 268 0.22942016381665287 0.95613015898751
242 0.3687576760763236 0.6668395302377784 256 0.35474121259075 0.6826922270216725
242 0.3687576760763236 0.6668395302377784 284 0.3451526605543376 0.7286721810132397
242 0.3687576760763236 0.6668395302377784 291 0.3056615382038931 0.6843325410173635
243 0.20680019430132535 0.4034088289678147 250 0.2609498425629384 0.36998702034274344
243 0.20680019430132535 0.4034088289678147 298 0.2289118755384969 0.4029498987952638
244 0.005883552671464565 0.6845072912236385 279 0.04707996669830994 0.7260107884988574
245 0.13054746435740405 0.6791895052348134 246 0.14065425083353655 0.7202615119848902
245 0.13054746435740405 0.6791895052348134 296 0.09007026821841713 0.7456653870612394
246 0.14065425083353655 0.7202615119848902 296 0.09007026821841713 0.7456653870612394
247 0.0047936624606772504 0.0032128157262196755 282 0.07826267974185774 0.027304165757846
248 0.08808827529910823 0.1555623337116584 262 0.02604265284453522 0.19709923634879634
248 0.08808827529910823 0.1555623337116584 269 0.06388246541912035 0.11587386744997974
248 0.08808827529910823 0.1555623337116584 270 0.03419178749943319 0.17360447364536924
248 0.08808827529910823 0.1555623337116584 287 0.14050277610484319 0.12147646088044106
250 0.2609498425629384 0.36998702034274344 288 0.3090379689444318 0.36240150974191054
250 0.2609498425629384 0.36998702034274344 298 0.2289118755384969 0.4029498987952638
252 0.7938569277150722 0.6768321049552534 293 0.7679825981700047 0.6434639129398041
254 0.6418319219823944 0.6479302176166708 257 0.6108911211245788 0.7136506582742788
254 0.6418319219823944 0.6479302176166708 277 0.6032436090230234 0.6838831506122663
254 0.6418319219823944 0.6479302176166708 283 0.6982962165272301 0.6471317090887201
256 0.35474121259075 0.6826922270216725 284 0.3451526605543376 0.7286721810132397
256 0.35474121259075 0.6826922270216725 291 0.3056615382038931 0.6843325410173635
257 0.6108911211245788 0.7136506582742788 277 0.6032436090230234 0.6838831506122663
262 0.02604265284453522 0.19709923634879634 270 0.03419178749943319 0.17360447364536924
264 0.7443495745964916 0.15715820695083127 265 0.6842721839091496 0.11935643858814671
264 0.7443495745964916 0.15715820695083127 276 0.8179483301919132 0.17968358765404535
265 0.6842721839091496 0.11935643858814671 286 0.7174176714679675 0.05482957913109199
267 0.16412997438952015 0.0955654009730671 287 0.14050277610484319 0.12147646088044106
269 0.06388246541912035 0.11587386744997974 270 0.03419178749943319 0.17360447364536924
269 0.06388246541912035 0.11587386744997974 271 0.0909656589072596 0.05464748225149285
269 0.06388246541912035 0.11587386744997974 287 0.14050277610484319 0.12147646088044106
271 0.0909656589072596 0.05464748225149285 282 0.07826267974185774 0.027304165757846
273 0.2812488059350269 0.7227642268755369 284 0.3451526605543376 0.7286721810132397
273 0.2812488059350269 0.7227642268755369 291 0.3056615382038931 0.6843325410173635
273 0.2812488059350269 0.7227642268755369 297 0.2621541693019438 0.7655354076975854
275 0.552051174617276 0.3452350507872409 285 0.5302134338192972 0.39021166733477664
278 0.7339748494636205 0.7788833806177624 280 0.7500785741711357 0.7463937895896541
279 0.04707996669830994 0.7260107884988574 296 0.09007026821841713 0.7456653870612394
283 0.6982962165272301 0.6471317090887201 293 0.7679825981700047 0.6434639129398041
284 0.3451526605543376 0.7286721810132397 291 0.3056615382038931 0.6843325410173635
