0 59
0 409
1 71
1 168
1 227
1 235
1 245
1 287
1 346
1 370
1 480
2 7
2 179
2 243
2 282
2 489
3 38
3 76
3 174
3 180
3 481
3 482
4 93
4 262
4 306
4 415
5 121
5 163
5 240
5 348
5 354
6 329
6 386
6 393
6 406
7 31
7 179
7 214
7 377
7 378
8 117
8 170
8 216
8 273
8 359
9 337
9 364
9 496
10 17
10 90
10 299
10 392
11 80
11 113
11 130
11 195
11 253
11 400
11 472
11 476
12 69
12 324
12 345
12 435
12 440
12 492
13 276
14 88
14 116
14 297
14 465
16 20
16 31
16 58
16 296
16 387
17 29
18 39
18 128
18 131
18 134
18 175
18 261
18 270
18 368
18 474
19 233
19 290
20 165
20 274
20 387
21 115
21 231
21 283
21 333
21 391
22 27
22 333
22 485
23 149
23 151
23 164
24 106
24 211
24 300
24 487
25 62
25 146
25 420
25 455
26 423
27 89
27 193
27 203
27 207
27 403
27 485
28 159
28 166
28 387
29 210
30 103
30 216
30 241
30 312
30 317
31 58
31 214
31 296
32 40
32 239
33 48
33 281
33 366
34 108
34 127
34 166
34 426
35 132
35 137
35 364
35 369
35 462
36 60
36 99
36 101
36 135
36 292
36 376
36 418
37 172
37 400
37 417
37 424
37 438
37 472
37 476
38 76
38 174
38 180
38 481
38 482
39 51
39 131
39 261
39 348
39 474
40 56
40 239
41 95
41 242
41 260
41 293
41 330
41 429
41 488
42 68
42 212
42 247
42 322
42 352
43 114
43 140
43 153
43 318
43 327
43 368
43 453
43 468
44 79
44 133
44 160
44 169
44 197
44 495
45 141
45 259
45 406
46 326
47 86
47 196
47 271
47 349
47 385
47 470
47 493
48 66
48 281
48 439
49 70
49 228
49 249
49 302
49 464
50 383
50 428
51 131
51 134
51 240
51 261
51 348
51 474
52 142
52 323
52 379
52 390
53 223
53 268
53 334
53 384
53 420
54 397
54 441
55 65
55 92
55 101
55 143
55 315
57 77
57 124
57 380
57 386
57 412
58 108
58 159
58 166
58 296
58 426
59 409
60 99
60 101
60 143
60 315
60 332
60 444
61 82
61 139
61 366
61 447
61 460
62 361
62 455
63 155
63 373
63 381
64 237
64 311
64 340
64 341
64 350
65 92
65 143
65 249
65 315
65 434
65 473
66 263
66 281
66 439
66 442
67 229
67 250
67 266
67 289
67 432
67 445
68 152
68 204
68 212
68 352
68 461
69 105
69 221
69 313
69 324
69 435
69 450
69 492
70 228
70 249
70 267
70 294
70 302
70 353
70 464
71 168
71 227
71 235
71 370
72 100
72 194
72 294
72 319
72 353
73 89
73 178
73 198
73 244
73 469
74 85
74 89
74 91
74 141
74 198
74 244
74 347
74 382
75 125
75 176
75 199
75 320
75 355
75 375
76 174
76 180
76 298
76 482
77 124
79 133
79 160
79 169
79 197
79 495
80 97
80 113
80 172
80 222
80 400
80 424
80 438
80 472
81 192
81 213
81 262
81 306
81 413
81 422
82 132
82 139
82 228
82 369
82 447
83 128
83 368
83 468
85 91
85 141
85 244
85 301
85 347
85 382
86 153
86 196
86 271
86 327
86 349
86 385
86 470
87 97
87 110
87 252
88 96
88 107
88 297
88 448
88 465
88 478
89 91
89 193
89 198
89 207
89 244
89 494
90 161
90 177
90 299
90 392
91 198
91 244
91 301
91 347
91 382
91 494
92 143
92 249
92 315
92 473
93 415
93 495
94 186
94 291
94 299
94 304
94 328
94 362
95 242
95 260
95 284
95 293
95 305
95 330
95 429
95 488
96 107
96 448
96 478
97 110
97 222
97 252
97 424
98 106
98 295
98 300
98 305
98 371
98 467
98 471
98 487
99 101
99 135
100 118
100 189
100 194
100 360
101 143
101 315
101 444
102 378
103 216
103 241
103 312
103 317
104 208
104 218
104 284
105 221
105 248
105 435
105 450
106 211
106 295
106 300
106 371
106 471
106 487
107 173
107 448
107 478
108 127
108 159
108 166
108 426
109 201
109 251
109 265
109 309
109 416
109 436
109 479
109 484
110 252
110 381
111 186
111 291
111 408
112 337
112 357
113 130
113 195
113 222
113 253
113 400
113 424
113 472
114 140
114 153
114 238
114 318
114 327
114 349
114 453
114 468
115 157
115 203
115 231
115 283
115 333
115 403
117 170
117 216
117 232
117 269
117 273
117 359
117 411
117 499
118 189
118 194
118 360
118 452
118 456
119 245
119 287
119 320
119 355
119 367
119 425
119 480
120 154
120 217
120 272
120 466
120 498
121 163
121 237
121 254
121 311
121 340
121 354
122 150
122 312
122 477
123 144
123 316
124 380
124 386
124 412
125 176
125 199
125 320
125 323
125 355
126 375
127 292
127 376
127 418
127 426
128 270
128 368
129 303
129 314
129 408
129 458
130 253
130 400
130 472
130 476
131 134
131 175
131 261
131 270
131 474
132 137
132 366
132 369
132 462
133 160
133 169
133 197
133 334
133 495
134 175
134 261
134 453
134 474
135 292
135 376
135 418
136 138
136 182
136 234
136 358
136 437
136 454
137 183
137 369
137 462
138 182
138 258
138 358
138 430
138 449
139 228
139 267
139 353
139 447
139 460
139 464
140 238
140 318
140 453
141 259
141 347
141 379
141 406
142 323
142 379
142 390
143 315
143 444
144 316
146 223
146 338
146 394
146 420
146 431
146 443
146 486
147 161
147 362
148 229
148 342
148 428
149 151
149 164
149 184
150 240
150 348
150 477
151 164
151 184
152 204
152 212
152 310
152 352
152 461
152 481
153 196
153 271
153 327
153 349
153 385
154 217
154 278
154 466
154 497
154 498
155 373
155 381
155 470
156 173
156 264
156 277
156 356
156 407
156 448
156 478
157 193
157 203
157 207
157 301
157 403
157 494
158 363
158 383
159 166
159 387
159 426
160 169
160 223
160 334
160 443
160 486
161 291
161 299
161 304
161 362
162 179
162 191
162 243
162 377
162 489
163 237
163 254
163 340
163 354
164 184
165 274
165 387
166 426
167 363
167 414
168 235
168 346
168 370
168 446
169 197
169 262
169 413
169 422
169 495
170 216
170 269
170 273
170 359
170 411
171 224
171 256
171 395
172 222
172 400
172 417
172 424
172 438
172 472
173 264
173 356
173 407
173 448
173 478
174 180
174 345
174 482
175 261
175 453
176 199
176 365
177 392
178 198
178 244
178 469
179 243
179 282
179 489
180 310
180 345
180 481
180 482
181 185
181 335
182 234
182 358
182 437
182 454
182 457
183 242
184 313
184 450
185 404
185 433
186 291
186 304
186 321
186 322
186 328
187 286
187 397
188 278
189 206
189 288
189 360
189 404
190 285
190 293
190 332
190 344
190 444
191 195
191 243
191 489
192 213
192 246
192 268
192 334
192 384
192 413
192 422
193 203
193 207
193 333
193 403
193 494
194 360
195 253
195 489
196 271
196 349
196 385
197 262
197 495
198 244
198 347
198 469
199 323
200 250
200 266
200 289
200 298
200 389
200 410
200 432
200 445
200 483
201 265
201 416
201 479
201 484
202 225
202 238
202 452
202 456
203 207
203 231
203 333
203 403
203 494
204 212
204 352
204 461
204 481
205 339
206 288
206 360
206 404
207 301
207 403
207 494
208 218
209 215
211 300
211 471
211 487
212 247
212 352
212 458
212 461
213 246
213 268
213 326
213 334
213 384
213 413
213 422
214 296
214 377
216 241
216 273
216 317
216 359
216 411
217 272
217 351
217 466
217 498
218 260
218 284
219 336
220 279
220 398
221 248
221 435
222 252
222 400
222 424
222 472
223 420
223 443
223 486
224 230
224 395
225 238
225 452
225 456
226 313
226 492
227 235
227 393
228 267
228 294
228 302
228 353
228 464
229 266
229 342
229 432
230 326
231 283
231 333
231 391
231 403
232 269
232 363
232 411
232 499
233 255
233 290
234 358
234 430
234 454
234 467
235 245
235 287
235 346
235 370
235 480
236 325
236 372
236 405
237 311
237 340
237 341
237 350
240 348
240 354
241 317
241 411
242 260
242 293
242 330
242 488
243 489
243 490
244 347
244 382
245 287
245 346
245 367
245 425
245 480
246 268
246 326
246 334
246 384
246 413
246 422
247 275
247 322
247 352
248 388
248 435
249 302
249 473
250 266
250 289
250 389
250 432
251 309
251 416
252 381
253 472
253 476
253 489
254 340
254 341
254 401
254 459
256 395
256 401
256 459
257 280
257 307
257 343
258 358
258 398
258 430
258 449
259 347
259 379
259 406
260 284
260 293
260 305
260 330
260 429
260 488
261 474
262 306
262 413
262 422
263 343
263 415
263 439
263 442
264 356
264 407
264 448
264 478
265 416
265 419
265 479
265 484
266 289
266 432
266 445
267 294
267 302
267 319
267 353
267 447
267 464
268 326
268 334
268 384
268 422
269 359
269 411
269 499
270 368
271 327
271 349
271 385
271 470
272 286
272 351
272 466
272 498
273 359
274 387
275 321
275 322
276 308
276 339
277 356
278 466
278 497
278 498
280 307
281 439
283 333
283 391
284 330
285 293
285 332
285 344
285 402
285 444
285 475
285 488
286 351
286 397
287 346
287 367
287 425
287 480
288 360
288 404
289 389
289 432
289 483
291 304
291 328
291 362
292 376
292 418
292 475
293 330
293 344
293 429
293 488
294 302
294 353
294 464
295 300
295 305
295 371
295 454
295 467
295 471
295 487
297 465
298 410
298 482
299 304
299 392
300 371
300 471
300 487
301 382
301 494
302 353
302 464
302 473
303 314
303 408
303 458
304 328
304 362
305 330
305 371
305 429
305 467
305 471
306 413
306 422
308 336
309 416
309 419
309 479
310 458
310 461
310 481
311 340
311 341
311 350
312 317
313 324
313 492
314 408
314 458
315 399
318 327
318 368
318 453
318 468
319 353
320 355
320 396
321 322
321 328
323 390
324 440
324 492
325 372
325 405
326 334
326 384
327 349
327 385
327 468
327 470
328 362
329 331
330 429
330 488
332 344
332 402
332 444
332 475
333 403
333 485
334 384
334 422
337 357
338 394
338 431
338 443
338 486
340 341
340 354
341 350
341 401
342 428
343 415
343 442
344 402
344 444
344 475
344 488
345 440
346 367
346 370
346 425
346 480
347 379
347 382
348 474
348 477
349 385
349 470
350 363
351 498
352 461
353 464
355 396
356 407
356 448
356 478
357 372
357 405
358 430
359 411
361 401
361 455
364 496
366 369
366 462
367 425
367 480
368 468
369 462
370 446
371 467
371 471
371 487
372 405
373 470
374 380
374 386
376 418
377 378
378 399
379 390
379 406
380 386
380 412
382 494
383 428
384 422
385 470
388 483
389 410
389 483
393 406
394 431
394 443
394 486
397 441
400 424
400 438
400 472
401 459
402 475
403 494
404 433
407 448
407 478
409 423
411 499
413 422
415 442
416 436
416 479
416 484
417 438
417 472
417 476
419 479
420 443
420 486
424 438
424 472
425 480
429 488
430 449
431 443
431 486
432 445
434 473
436 484
436 490
437 454
437 457
438 472
438 476
439 442
443 486
444 475
447 460
448 465
448 478
450 492
452 456
454 457
454 467
458 461
461 481
466 498
471 487
472 476
481 482
489 490
