0 0.6721102282669552 0.11973515876805019 116 0.6289062717154036 0.11543520308024668
0 0.6721102282669552 0.11973515876805019 209 0.7102779010381113 0.09081818892338867
0 0.6721102282669552 0.11973515876805019 266 0.6743133460968397 0.05294140842788064
0 0.6721102282669552 0.11973515876805019 275 0.644713676665998 0.10947862472397607
1 0.10565170713094241 0.6926854129227639 45 0.07307653011647508 0.7239910836630291
1 0.10565170713094241 0.6926854129227639 257 0.07449983425151552 0.678145534699626
1 0.10565170713094241 0.6926854129227639 290 0.10777659596847966 0.6371755424884197
2 0.2752834827112094 0.22267097889455656 31 0.2843833411344471 0.22074085916376873
2 0.2752834827112094 0.22267097889455656 89 0.31218168491310183 0.18441634571313148
2 0.2752834827112094 0.22267097889455656 124 0.22050075836667582 0.2291675329035845
2 0.2752834827112094 0.22267097889455656 125 0.21072061426102173 0.21397923745078873
2 0.2752834827112094 0.22267097889455656 143 0.31391595707668063 0.1958731864429203
2 0.2752834827112094 0.22267097889455656 214 0.24077245372399758 0.2709134589987393
2 0.2752834827112094 0.22267097889455656 260 0.26130002198466495 0.2669163720903296
2 0.2752834827112094 0.22267097889455656 369 0.3100721034846238 0.19159798088647384
3 0.750983642700535 0.13250299716718028 75 0.7266741745092046 0.1755392966796414
3 0.750983642700535 0.13250299716718028 107 0.7317450484796241 0.15169034650019653
3 0.750983642700535 0.13250299716718028 207 0.7916882128769829 0.10601996796482915
3 0.750983642700535 0.13250299716718028 209 0.7102779010381113 0.09081818892338867
3 0.750983642700535 0.13250299716718028 324 0.7731801087676476 0.10737310149889756
4 0.08120273297720226 0.5835769820455555 98 0.039415151764024325 0.6048175466602963
4 0.08120273297720226 0.5835769820455555 290 0.10777659596847966 0.6371755424884197
5 0.6019848755215306 0.4461585626908934 117 0.6484677970795858 0.476662153855112
5 0.6019848755215306 0.4461585626908934 172 0.6243785727165022 0.4015841445717765
5 0.6019848755215306 0.4461585626908934 249 0.6134697136090628 0.39112793515292577
5 0.6019848755215306 0.4461585626908934 332 0.6241235630322322 0.5086621633328974
5 0.6019848755215306 0.4461585626908934 352 0.5559252086459594 0.40774605673884234
5 0.6019848755215306 0.4461585626908934 361 0.6028076691936242 0.46038391172761794
6 0.7700206195054747 0.6409152435971158 284 0.7389084502179936 0.6980600246788563
7 0.7100268425312046 0.25595115281546077 115 0.7581602837462159 0.28909105427142345
7 0.7100268425312046 0.25595115281546077 130 0.7454528160097521 0.3082917005171698
7 0.7100268425312046 0.25595115281546077 227 0.7338091803600854 0.2859516205258279
7 0.7100268425312046 0.25595115281546077 278 0.7618670111704909 0.2946190581389574
7 0.7100268425312046 0.25595115281546077 347 0.7655522805296086 0.22275898123683913
8 0.8215161825722763 0.030892326225426592 37 0.7699831074824461 0.055596861085618676
8 0.8215161825722763 0.030892326225426592 149 0.7991389188549494 0.047260905878251824
8 0.8215161825722763 0.030892326225426592 250 0.8314157252319272 0.06351604121981802
9 0.4183794957782718 0.8809633830344074 187 0.43677583704736245 0.8693345237623367
9 0.4183794957782718 0.8809633830344074 254 0.4301678339421424 0.8219377169007765
9 0.4183794957782718 0.8809633830344074 350 0.4550826843306147 0.877213358789919
9 0.4183794957782718 0.8809633830344074 385 0.4369141479651355 0.9250518302655241
10 0.2902353867895837 0.024534989698942744 307 0.2540714934629319 0.058578256029981346
10 0.2902353867895837 0.024534989698942744 311 0.2670790524659101 0.05836298098787229
10 0.2902353867895837 0.024534989698942744 318 0.2847685766908069 0.05346263803195028
11 0.35630461940666047 0.282964756818606 48 0.36170392731922674 0.3468389821267731
11 0.35630461940666047 0.282964756818606 81 0.36329530164621116 0.34538829534723947
11 0.35630461940666047 0.282964756818606 90 0.38638033149930495 0.27240894713643427
11 0.35630461940666047 0.282964756818606 198 0.32938863598781587 0.27628293526556724
11 0.35630461940666047 0.282964756818606 258 0.4134562370516436 0.27016837671354776
11 0.35630461940666047 0.282964756818606 301 0.366534594392246 0.2173186982178612
11 0.35630461940666047 0.282964756818606 304 0.3772987771767281 0.3270081530855824
11 0.35630461940666047 0.282964756818606 363 0.36762736474696234 0.2791084119557605
12 0.8253684440332991 0.18799524679035318 184 0.8648616411124078 0.21547830390210077
12 0.8253684440332991 0.18799524679035318 253 0.8454860840392885 0.17439371375862966
13 0.3395219737566103 0.49642399347957067 71 0.34769424539235383 0.4305009556056235
13 0.3395219737566103 0.49642399347957067 261 0.38249913483335785 0.5233431689663802
13 0.3395219737566103 0.49642399347957067 285 0.3304641200701046 0.433063643513277
13 0.3395219737566103 0.49642399347957067 296 0.28079757861705523 0.5075961923625882
13 0.3395219737566103 0.49642399347957067 353 0.3598793030929055 0.5296027927538909
14 0.8409117231904029 0.5517597796470929 120 0.7911234988779896 0.5732069303692922
14 0.8409117231904029 0.5517597796470929 155 0.8180359284943822 0.5864843977344812
14 0.8409117231904029 0.5517597796470929 268 0.8573157041135092 0.5387992932800814
14 0.8409117231904029 0.5517597796470929 333 0.8743408390517629 0.573189286014886
15 0.5010537025629632 0.01629353315598292 30 0.4828325360896767 0.0063138118065675375
15 0.5010537025629632 0.01629353315598292 42 0.48660472079150296 0.07706816585181198
15 0.5010537025629632 0.01629353315598292 312 0.47954663274071707 0.035037874264708946
16 0.14888917708765492 0.8332281318348059 69 0.17287425718942673 0.8280065355869191
16 0.14888917708765492 0.8332281318348059 111 0.2019785047486924 0.858087282578304
16 0.14888917708765492 0.8332281318348059 118 0.12453313014354717 0.8839117603232869
16 0.14888917708765492 0.8332281318348059 170 0.11934149263365124 0.8887279929798763
16 0.14888917708765492 0.8332281318348059 201 0.14355824124188177 0.7687125639619196
16 0.14888917708765492 0.8332281318348059 210 0.13909992804138493 0.8926717625460575
16 0.14888917708765492 0.8332281318348059 294 0.12689435231925028 0.807753470696514
16 0.14888917708765492 0.8332281318348059 367 0.08634685495615857 0.8116081159491123
17 0.649303597027205 0.766643607214671 52 0.6310006814762429 0.7782170073809818
17 0.649303597027205 0.766643607214671 62 0.6380070219341178 0.7745331204924485
17 0.649303597027205 0.766643607214671 157 0.5991563590231646 0.7440610108739549
17 0.649303597027205 0.766643607214671 246 0.6567454746272741 0.7689953160600803
17 0.649303597027205 0.766643607214671 306 0.585203807212292 0.7709572509488508
17 0.649303597027205 0.766643607214671 316 0.6701292508867955 0.7711672172231141
18 0.5568844671948896 0.5471624551161633 50 0.5401943625156633 0.5173891071231626
18 0.5568844671948896 0.5471624551161633 68 0.5839054283304989 0.567850563234216
18 0.5568844671948896 0.5471624551161633 82 0.5360693596395778 0.5765821278882721
18 0.5568844671948896 0.5471624551161633 121 0.5932298506543228 0.5484334831044987
18 0.5568844671948896 0.5471624551161633 123 0.605829333691611 0.528945839359303
18 0.5568844671948896 0.5471624551161633 140 0.5728094644093948 0.5247839471923984
18 0.5568844671948896 0.5471624551161633 242 0.5077090717846211 0.5535091589258544
18 0.5568844671948896 0.5471624551161633 270 0.5651943746467278 0.5630869331715195
18 0.5568844671948896 0.5471624551161633 322 0.5669293383838904 0.5105064595412151
19 0.804329335743253 0.9538875884943129 51 0.8576005656664968 0.9204749741074917
19 0.804329335743253 0.9538875884943129 58 0.7808692950052889 0.9527163153253944
19 0.804329335743253 0.9538875884943129 72 0.7839842205316121 0.9952668620867801
19 0.804329335743253 0.9538875884943129 148 0.861247578732597 0.9267520138212222
19 0.804329335743253 0.9538875884943129 162 0.7777436498773456 0.9545170528743647
19 0.804329335743253 0.9538875884943129 208 0.7392235607891807 0.9654308789281321
19 0.804329335743253 0.9538875884943129 265 0.7449164382580924 0.9537947953448748
19 0.804329335743253 0.9538875884943129 298 0.8044793723190196 0.99783453564413
19 0.804329335743253 0.9538875884943129 331 0.8665592431912098 0.958562207437023
20 0.9008613235628333 0.1598013606381874 96 0.947341792785232 0.18921410820610496
20 0.9008613235628333 0.1598013606381874 184 0.8648616411124078 0.21547830390210077
20 0.9008613235628333 0.1598013606381874 253 0.8454860840392885 0.17439371375862966
20 0.9008613235628333 0.1598013606381874 315 0.9545073714219778 0.12731972826181337
20 0.9008613235628333 0.1598013606381874 398 0.9272691473213828 0.11406966864017587
21 0.09861783127647683 0.32025385589749333 43 0.10668011661692367 0.36802170944387425
21 0.09861783127647683 0.32025385589749333 93 0.08079087200722146 0.33818832725488823
21 0.09861783127647683 0.32025385589749333 204 0.0854174957813304 0.35286901050298725
21 0.09861783127647683 0.32025385589749333 237 0.08749909602066885 0.31577538811725303
22 0.7352270201272073 0.794968934266876 27 0.7174503815666348 0.8018912520050326
22 0.7352270201272073 0.794968934266876 40 0.762253439760194 0.8424148819989462
22 0.7352270201272073 0.794968934266876 108 0.719769686727563 0.8160886250354941
22 0.7352270201272073 0.794968934266876 145 0.7467458584857339 0.8503730470339077
22 0.7352270201272073 0.794968934266876 279 0.7719652847737478 0.7667374889291847
22 0.7352270201272073 0.794968934266876 321 0.7762280497057863 0.8310019528647619
23 0.7452745691951038 0.05632385038911236 37 0.7699831074824461 0.055596861085618676
23 0.7452745691951038 0.05632385038911236 149 0.7991389188549494 0.047260905878251824
23 0.7452745691951038 0.05632385038911236 153 0.741531371907859 0.03467442477726934
23 0.7452745691951038 0.05632385038911236 179 0.7453506108592527 0.03415164033285911
23 0.7452745691951038 0.05632385038911236 209 0.7102779010381113 0.09081818892338867
23 0.7452745691951038 0.05632385038911236 219 0.7145373539438522 0.008697145746576762
23 0.7452745691951038 0.05632385038911236 222 0.697893932862308 0.028215105914897953
23 0.7452745691951038 0.05632385038911236 324 0.7731801087676476 0.10737310149889756
24 0.43431913415076884 0.38429952010728186 64 0.4198859374045263 0.3540987885438105
24 0.43431913415076884 0.38429952010728186 66 0.4435823334723612 0.3252155502223303
24 0.43431913415076884 0.38429952010728186 91 0.44909604551350013 0.37173133233494715
24 0.43431913415076884 0.38429952010728186 110 0.43548344135248707 0.44010801714570336
24 0.43431913415076884 0.38429952010728186 132 0.4172968738518883 0.4372805729864797
24 0.43431913415076884 0.38429952010728186 174 0.4266702831182181 0.40253775453158214
24 0.43431913415076884 0.38429952010728186 188 0.41885455180552134 0.4198120826593148
24 0.43431913415076884 0.38429952010728186 194 0.4012251807420091 0.35198453440567423
24 0.43431913415076884 0.38429952010728186 197 0.45786768202401473 0.33881160946020084
24 0.43431913415076884 0.38429952010728186 256 0.4035622733897347 0.43548775547575425
24 0.43431913415076884 0.38429952010728186 384 0.4621464241956753 0.4079509612080273
24 0.43431913415076884 0.38429952010728186 387 0.4335638525733203 0.40713195323242357
25 0.5743904974803615 0.9058699935796989 135 0.6217166562426603 0.8720213482160563
25 0.5743904974803615 0.9058699935796989 139 0.5856541638125801 0.9707360464947863
25 0.5743904974803615 0.9058699935796989 239 0.5367823540900489 0.9045430373891138
25 0.5743904974803615 0.9058699935796989 240 0.6124640664471688 0.8506095334618577
25 0.5743904974803615 0.9058699935796989 276 0.5558850043970177 0.8716011540067035
25 0.5743904974803615 0.9058699935796989 345 0.5920419917696519 0.9558227819364634
26 0.7729737168509999 0.5687374729258428 120 0.7911234988779896 0.5732069303692922
26 0.7729737168509999 0.5687374729258428 155 0.8180359284943822 0.5864843977344812
26 0.7729737168509999 0.5687374729258428 287 0.7696132558974624 0.5660609183739945
27 0.7174503815666348 0.8018912520050326 40 0.762253439760194 0.8424148819989462
27 0.7174503815666348 0.8018912520050326 108 0.719769686727563 0.8160886250354941
27 0.7174503815666348 0.8018912520050326 145 0.7467458584857339 0.8503730470339077
27 0.7174503815666348 0.8018912520050326 279 0.7719652847737478 0.7667374889291847
27 0.7174503815666348 0.8018912520050326 316 0.6701292508867955 0.7711672172231141
27 0.7174503815666348 0.8018912520050326 321 0.7762280497057863 0.8310019528647619
28 0.14855862338320025 0.10476041308089734 59 0.11695426746814086 0.06481672160433138
28 0.14855862338320025 0.10476041308089734 61 0.1755029737873398 0.11875381220095416
28 0.14855862338320025 0.10476041308089734 70 0.13842951437969309 0.13668137725420904
28 0.14855862338320025 0.10476041308089734 113 0.09840715474009476 0.12081730258458379
28 0.14855862338320025 0.10476041308089734 160 0.15706825878991915 0.10926189824086663
28 0.14855862338320025 0.10476041308089734 203 0.12404904074278411 0.16249827978265108
28 0.14855862338320025 0.10476041308089734 226 0.2109741047617547 0.13004680006751335
28 0.14855862338320025 0.10476041308089734 241 0.11665227765614894 0.09917866574095424
28 0.14855862338320025 0.10476041308089734 273 0.18111555540283175 0.11910809533599398
28 0.14855862338320025 0.10476041308089734 305 0.0924772822713138 0.0779613511842947
29 0.3799991276397562 0.7096577341098737 53 0.3234807022468983 0.7168822725529541
29 0.3799991276397562 0.7096577341098737 202 0.3414786763615656 0.6902255692106573
29 0.3799991276397562 0.7096577341098737 317 0.3721140384258449 0.7081942946636629
29 0.3799991276397562 0.7096577341098737 342 0.401032955005021 0.7656966645367609
30 0.4828325360896767 0.0063138118065675375 312 0.47954663274071707 0.035037874264708946
31 0.2843833411344471 0.22074085916376873 89 0.31218168491310183 0.18441634571313148
31 0.2843833411344471 0.22074085916376873 124 0.22050075836667582 0.2291675329035845
31 0.2843833411344471 0.22074085916376873 143 0.31391595707668063 0.1958731864429203
31 0.2843833411344471 0.22074085916376873 214 0.24077245372399758 0.2709134589987393
31 0.2843833411344471 0.22074085916376873 260 0.26130002198466495 0.2669163720903296
31 0.2843833411344471 0.22074085916376873 369 0.3100721034846238 0.19159798088647384
32 0.4992170029949583 0.16223293230211167 80 0.5047637101814938 0.14462941059657763
32 0.4992170029949583 0.16223293230211167 101 0.5302066846184408 0.10972592533155312
32 0.4992170029949583 0.16223293230211167 212 0.46046193604066454 0.15126129639164387
32 0.4992170029949583 0.16223293230211167 231 0.5047013317835422 0.1229828747857935
32 0.4992170029949583 0.16223293230211167 248 0.49311143935242796 0.10591251331410134
32 0.4992170029949583 0.16223293230211167 354 0.5190477545620525 0.11546109812267391
32 0.4992170029949583 0.16223293230211167 355 0.5067686567135161 0.1399895650540306
32 0.4992170029949583 0.16223293230211167 383 0.5245010488545636 0.14718927692993855
33 0.2872376962833114 0.8414181208522382 56 0.3441998357300201 0.8661091179757701
33 0.2872376962833114 0.8414181208522382 150 0.27531699252421005 0.8125293822832328
33 0.2872376962833114 0.8414181208522382 154 0.28935433897808993 0.8352232883278279
33 0.2872376962833114 0.8414181208522382 200 0.2864011564431561 0.8343633981432571
33 0.2872376962833114 0.8414181208522382 252 0.2454805943228211 0.8055360945023702
33 0.2872376962833114 0.8414181208522382 389 0.29061179822428784 0.8070807657309353
33 0.2872376962833114 0.8414181208522382 395 0.31654134325684 0.7978206485488558
34 0.5095451121861893 0.7089685164077373 221 0.5695340682831305 0.7059175459911498
34 0.5095451121861893 0.7089685164077373 295 0.5066651538877669 0.7304328194235835
35 0.8804865360451039 0.8495071988581386 94 0.8583266559277757 0.7887851786261971
35 0.8804865360451039 0.8495071988581386 236 0.8661465299418565 0.8656458338447598
35 0.8804865360451039 0.8495071988581386 259 0.9044228657171933 0.8235125245164227
35 0.8804865360451039 0.8495071988581386 358 0.8257112991106246 0.8830400535710485
35 0.8804865360451039 0.8495071988581386 391 0.9382175891110403 0.8426788819407567
36 0.06407714093789874 0.009720324623655796 41 0.07971944831972044 0.023624114137736463
36 0.06407714093789874 0.009720324623655796 54 0.028002629896213826 0.04123503528156747
36 0.06407714093789874 0.009720324623655796 175 0.03306088027795995 0.024281145052778896
36 0.06407714093789874 0.009720324623655796 176 0.03108338717063963 0.0037909097935554525
36 0.06407714093789874 0.009720324623655796 334 0.026790968926598713 0.010302423642365222
37 0.7699831074824461 0.055596861085618676 149 0.7991389188549494 0.047260905878251824
37 0.7699831074824461 0.055596861085618676 153 0.741531371907859 0.03467442477726934
37 0.7699831074824461 0.055596861085618676 179 0.7453506108592527 0.03415164033285911
37 0.7699831074824461 0.055596861085618676 207 0.7916882128769829 0.10601996796482915
37 0.7699831074824461 0.055596861085618676 250 0.8314157252319272 0.06351604121981802
37 0.7699831074824461 0.055596861085618676 324 0.7731801087676476 0.10737310149889756
38 0.819549911163152 0.6936226709385365 129 0.8644111688968977 0.6524911083635272
38 0.819549911163152 0.6936226709385365 159 0.8234785224732807 0.7515126165559144
39 0.49251050535496343 0.7978070371950658 233 0.5311690703380784 0.7757432554817977
39 0.49251050535496343 0.7978070371950658 254 0.4301678339421424 0.8219377169007765
39 0.49251050535496343 0.7978070371950658 325 0.5174079776737416 0.7904504262901662
40 0.762253439760194 0.8424148819989462 108 0.719769686727563 0.8160886250354941
40 0.762253439760194 0.8424148819989462 145 0.7467458584857339 0.8503730470339077
40 0.762253439760194 0.8424148819989462 186 0.8109367015271493 0.8566121859014679
40 0.762253439760194 0.8424148819989462 321 0.7762280497057863 0.8310019528647619
41 0.07971944831972044 0.023624114137736463 54 0.028002629896213826 0.04123503528156747
41 0.07971944831972044 0.023624114137736463 59 0.11695426746814086 0.06481672160433138
41 0.07971944831972044 0.023624114137736463 175 0.03306088027795995 0.024281145052778896
41 0.07971944831972044 0.023624114137736463 176 0.03108338717063963 0.0037909097935554525
41 0.07971944831972044 0.023624114137736463 305 0.0924772822713138 0.0779613511842947
41 0.07971944831972044 0.023624114137736463 334 0.026790968926598713 0.010302423642365222
42 0.48660472079150296 0.07706816585181198 99 0.4398785355438477 0.06716906636740816
42 0.48660472079150296 0.07706816585181198 101 0.5302066846184408 0.10972592533155312
42 0.48660472079150296 0.07706816585181198 231 0.5047013317835422 0.1229828747857935
42 0.48660472079150296 0.07706816585181198 248 0.49311143935242796 0.10591251331410134
42 0.48660472079150296 0.07706816585181198 283 0.4517193060073573 0.10033038910666081
42 0.48660472079150296 0.07706816585181198 312 0.47954663274071707 0.035037874264708946
42 0.48660472079150296 0.07706816585181198 354 0.5190477545620525 0.11546109812267391
42 0.48660472079150296 0.07706816585181198 355 0.5067686567135161 0.1399895650540306
43 0.10668011661692367 0.36802170944387425 55 0.16113400968439595 0.3734382847877008
43 0.10668011661692367 0.36802170944387425 60 0.11914532651122345 0.3888138941750028
43 0.10668011661692367 0.36802170944387425 93 0.08079087200722146 0.33818832725488823
43 0.10668011661692367 0.36802170944387425 141 0.13746649851934378 0.40229287958541016
43 0.10668011661692367 0.36802170944387425 204 0.0854174957813304 0.35286901050298725
43 0.10668011661692367 0.36802170944387425 237 0.08749909602066885 0.31577538811725303
43 0.10668011661692367 0.36802170944387425 374 0.08374210158099271 0.402610411341521
44 0.5744152188666058 0.9931304869667505 139 0.5856541638125801 0.9707360464947863
44 0.5744152188666058 0.9931304869667505 251 0.5864869443639207 0.9732365504417136
44 0.5744152188666058 0.9931304869667505 345 0.5920419917696519 0.9558227819364634
45 0.07307653011647508 0.7239910836630291 257 0.07449983425151552 0.678145534699626
45 0.07307653011647508 0.7239910836630291 365 0.029127835205636443 0.7435926276473183
46 0.24602507003719432 0.12108891169817548 226 0.2109741047617547 0.13004680006751335
46 0.24602507003719432 0.12108891169817548 229 0.20857556921163645 0.15948400101245486
46 0.24602507003719432 0.12108891169817548 263 0.22949564182370774 0.08911978871935677
46 0.24602507003719432 0.12108891169817548 272 0.2698340834363846 0.12204976205445373
46 0.24602507003719432 0.12108891169817548 273 0.18111555540283175 0.11910809533599398
46 0.24602507003719432 0.12108891169817548 289 0.24846311293539147 0.1490563296447489
46 0.24602507003719432 0.12108891169817548 307 0.2540714934629319 0.058578256029981346
46 0.24602507003719432 0.12108891169817548 311 0.2670790524659101 0.05836298098787229
47 0.9566736375111441 0.919769659934561 79 0.998433072935406 0.9177092799084442
47 0.9566736375111441 0.919769659934561 180 0.9665517186489821 0.9589500317759168
47 0.9566736375111441 0.919769659934561 348 0.9866862407405282 0.9776547331797442
48 0.36170392731922674 0.3468389821267731 64 0.4198859374045263 0.3540987885438105
48 0.36170392731922674 0.3468389821267731 81 0.36329530164621116 0.34538829534723947
48 0.36170392731922674 0.3468389821267731 103 0.3680549777254015 0.3551420128831356
48 0.36170392731922674 0.3468389821267731 194 0.4012251807420091 0.35198453440567423
48 0.36170392731922674 0.3468389821267731 304 0.3772987771767281 0.3270081530855824
48 0.36170392731922674 0.3468389821267731 341 0.36165931799705664 0.37174712059403425
49 0.9515387507126152 0.7664698576044789 84 0.9922268616179527 0.7679575790345268
49 0.9515387507126152 0.7664698576044789 370 0.976176756105934 0.8200436960118924
49 0.9515387507126152 0.7664698576044789 371 0.9074551731955595 0.7264654946782342
50 0.5401943625156633 0.5173891071231626 68 0.5839054283304989 0.567850563234216
50 0.5401943625156633 0.5173891071231626 82 0.5360693596395778 0.5765821278882721
50 0.5401943625156633 0.5173891071231626 121 0.5932298506543228 0.5484334831044987
50 0.5401943625156633 0.5173891071231626 123 0.605829333691611 0.528945839359303
50 0.5401943625156633 0.5173891071231626 140 0.5728094644093948 0.5247839471923984
50 0.5401943625156633 0.5173891071231626 242 0.5077090717846211 0.5535091589258544
50 0.5401943625156633 0.5173891071231626 270 0.5651943746467278 0.5630869331715195
50 0.5401943625156633 0.5173891071231626 322 0.5669293383838904 0.5105064595412151
50 0.5401943625156633 0.5173891071231626 323 0.4773944490518739 0.5013038532730479
51 0.8576005656664968 0.9204749741074917 148 0.861247578732597 0.9267520138212222
51 0.8576005656664968 0.9204749741074917 236 0.8661465299418565 0.8656458338447598
51 0.8576005656664968 0.9204749741074917 331 0.8665592431912098 0.958562207437023
51 0.8576005656664968 0.9204749741074917 358 0.8257112991106246 0.8830400535710485
52 0.6310006814762429 0.7782170073809818 62 0.6380070219341178 0.7745331204924485
52 0.6310006814762429 0.7782170073809818 104 0.592331288470216 0.7241895668344984
52 0.6310006814762429 0.7782170073809818 157 0.5991563590231646 0.7440610108739549
52 0.6310006814762429 0.7782170073809818 246 0.6567454746272741 0.7689953160600803
52 0.6310006814762429 0.7782170073809818 269 0.580334943656774 0.8038703891152783
52 0.6310006814762429 0.7782170073809818 306 0.585203807212292 0.7709572509488508
52 0.6310006814762429 0.7782170073809818 316 0.6701292508867955 0.7711672172231141
53 0.3234807022468983 0.7168822725529541 92 0.2870561196008913 0.7539396108634042
53 0.3234807022468983 0.7168822725529541 163 0.28234064247716706 0.6725551970635364
53 0.3234807022468983 0.7168822725529541 202 0.3414786763615656 0.6902255692106573
53 0.3234807022468983 0.7168822725529541 224 0.29791486395114186 0.6891008749849498
53 0.3234807022468983 0.7168822725529541 230 0.27187037139049663 0.7278966608725299
53 0.3234807022468983 0.7168822725529541 264 0.30625614667968815 0.6587943351575017
53 0.3234807022468983 0.7168822725529541 317 0.3721140384258449 0.7081942946636629
54 0.028002629896213826 0.04123503528156747 175 0.03306088027795995 0.024281145052778896
54 0.028002629896213826 0.04123503528156747 176 0.03108338717063963 0.0037909097935554525
54 0.028002629896213826 0.04123503528156747 334 0.026790968926598713 0.010302423642365222
55 0.16113400968439595 0.3734382847877008 60 0.11914532651122345 0.3888138941750028
55 0.16113400968439595 0.3734382847877008 141 0.13746649851934378 0.40229287958541016
56 0.3441998357300201 0.8661091179757701 154 0.28935433897808993 0.8352232883278279
56 0.3441998357300201 0.8661091179757701 200 0.2864011564431561 0.8343633981432571
57 0.24868562478583078 0.7388245664195043 92 0.2870561196008913 0.7539396108634042
57 0.24868562478583078 0.7388245664195043 183 0.22173146538501043 0.7745998701607506
57 0.24868562478583078 0.7388245664195043 230 0.27187037139049663 0.7278966608725299
57 0.24868562478583078 0.7388245664195043 252 0.2454805943228211 0.8055360945023702
57 0.24868562478583078 0.7388245664195043 339 0.23224612294501856 0.7809164665106304
58 0.7808692950052889 0.9527163153253944 72 0.7839842205316121 0.9952668620867801
58 0.7808692950052889 0.9527163153253944 162 0.7777436498773456 0.9545170528743647
58 0.7808692950052889 0.9527163153253944 208 0.7392235607891807 0.9654308789281321
58 0.7808692950052889 0.9527163153253944 265 0.7449164382580924 0.9537947953448748
58 0.7808692950052889 0.9527163153253944 298 0.8044793723190196 0.99783453564413
59 0.11695426746814086 0.06481672160433138 113 0.09840715474009476 0.12081730258458379
59 0.11695426746814086 0.06481672160433138 160 0.15706825878991915 0.10926189824086663
59 0.11695426746814086 0.06481672160433138 241 0.11665227765614894 0.09917866574095424
59 0.11695426746814086 0.06481672160433138 305 0.0924772822713138 0.0779613511842947
60 0.11914532651122345 0.3888138941750028 93 0.08079087200722146 0.33818832725488823
60 0.11914532651122345 0.3888138941750028 109 0.13453473161873153 0.4520013289560074
60 0.11914532651122345 0.3888138941750028 141 0.13746649851934378 0.40229287958541016
60 0.11914532651122345 0.3888138941750028 204 0.0854174957813304 0.35286901050298725
60 0.11914532651122345 0.3888138941750028 374 0.08374210158099271 0.402610411341521
61 0.1755029737873398 0.11875381220095416 70 0.13842951437969309 0.13668137725420904
61 0.1755029737873398 0.11875381220095416 160 0.15706825878991915 0.10926189824086663
61 0.1755029737873398 0.11875381220095416 203 0.12404904074278411 0.16249827978265108
61 0.1755029737873398 0.11875381220095416 226 0.2109741047617547 0.13004680006751335
61 0.1755029737873398 0.11875381220095416 229 0.20857556921163645 0.15948400101245486
61 0.1755029737873398 0.11875381220095416 241 0.11665227765614894 0.09917866574095424
61 0.1755029737873398 0.11875381220095416 263 0.22949564182370774 0.08911978871935677
61 0.1755029737873398 0.11875381220095416 273 0.18111555540283175 0.11910809533599398
62 0.6380070219341178 0.7745331204924485 157 0.5991563590231646 0.7440610108739549
62 0.6380070219341178 0.7745331204924485 246 0.6567454746272741 0.7689953160600803
62 0.6380070219341178 0.7745331204924485 269 0.580334943656774 0.8038703891152783
62 0.6380070219341178 0.7745331204924485 306 0.585203807212292 0.7709572509488508
62 0.6380070219341178 0.7745331204924485 316 0.6701292508867955 0.7711672172231141
63 0.6756596109362638 0.3209183245035021 166 0.6432754648591178 0.3685969154743406
63 0.6756596109362638 0.3209183245035021 178 0.7159893251178854 0.3384442908539398
63 0.6756596109362638 0.3209183245035021 195 0.644083874077548 0.31743683659786814
63 0.6756596109362638 0.3209183245035021 364 0.6151613098271425 0.34377816588802523
64 0.4198859374045263 0.3540987885438105 66 0.4435823334723612 0.3252155502223303
64 0.4198859374045263 0.3540987885438105 81 0.36329530164621116 0.34538829534723947
64 0.4198859374045263 0.3540987885438105 91 0.44909604551350013 0.37173133233494715
64 0.4198859374045263 0.3540987885438105 103 0.3680549777254015 0.3551420128831356
64 0.4198859374045263 0.3540987885438105 174 0.4266702831182181 0.40253775453158214
64 0.4198859374045263 0.3540987885438105 188 0.41885455180552134 0.4198120826593148
64 0.4198859374045263 0.3540987885438105 194 0.4012251807420091 0.35198453440567423
64 0.4198859374045263 0.3540987885438105 197 0.45786768202401473 0.33881160946020084
64 0.4198859374045263 0.3540987885438105 297 0.4235457802957038 0.30943049695486247
64 0.4198859374045263 0.3540987885438105 304 0.3772987771767281 0.3270081530855824
64 0.4198859374045263 0.3540987885438105 341 0.36165931799705664 0.37174712059403425
64 0.4198859374045263 0.3540987885438105 387 0.4335638525733203 0.40713195323242357
65 0.9308015966280949 0.49084233796069 73 0.9674504582161321 0.5155161963950671
65 0.9308015966280949 0.49084233796069 218 0.9408733698057737 0.43274914217107296
65 0.9308015966280949 0.49084233796069 274 0.9394459255864557 0.5526956717826553
65 0.9308015966280949 0.49084233796069 293 0.9163498431798975 0.5163515009528149
66 0.4435823334723612 0.3252155502223303 91 0.44909604551350013 0.37173133233494715
66 0.4435823334723612 0.3252155502223303 194 0.4012251807420091 0.35198453440567423
66 0.4435823334723612 0.3252155502223303 197 0.45786768202401473 0.33881160946020084
66 0.4435823334723612 0.3252155502223303 258 0.4134562370516436 0.27016837671354776
66 0.4435823334723612 0.3252155502223303 297 0.4235457802957038 0.30943049695486247
66 0.4435823334723612 0.3252155502223303 304 0.3772987771767281 0.3270081530855824
67 0.01830058794688716 0.21721804476055173 303 0.03535609586187316 0.19697873163179402
68 0.5839054283304989 0.567850563234216 82 0.5360693596395778 0.5765821278882721
68 0.5839054283304989 0.567850563234216 121 0.5932298506543228 0.5484334831044987
68 0.5839054283304989 0.567850563234216 123 0.605829333691611 0.528945839359303
68 0.5839054283304989 0.567850563234216 140 0.5728094644093948 0.5247839471923984
68 0.5839054283304989 0.567850563234216 270 0.5651943746467278 0.5630869331715195
68 0.5839054283304989 0.567850563234216 320 0.6282599717205866 0.5653638284511555
68 0.5839054283304989 0.567850563234216 322 0.5669293383838904 0.5105064595412151
68 0.5839054283304989 0.567850563234216 388 0.618285714061914 0.5934881097827098
69 0.17287425718942673 0.8280065355869191 111 0.2019785047486924 0.858087282578304
69 0.17287425718942673 0.8280065355869191 201 0.14355824124188177 0.7687125639619196
69 0.17287425718942673 0.8280065355869191 294 0.12689435231925028 0.807753470696514
70 0.13842951437969309 0.13668137725420904 113 0.09840715474009476 0.12081730258458379
70 0.13842951437969309 0.13668137725420904 160 0.15706825878991915 0.10926189824086663
70 0.13842951437969309 0.13668137725420904 203 0.12404904074278411 0.16249827978265108
70 0.13842951437969309 0.13668137725420904 241 0.11665227765614894 0.09917866574095424
70 0.13842951437969309 0.13668137725420904 273 0.18111555540283175 0.11910809533599398
70 0.13842951437969309 0.13668137725420904 390 0.13029205941038102 0.18744630212453217
71 0.34769424539235383 0.4305009556056235 256 0.4035622733897347 0.43548775547575425
71 0.34769424539235383 0.4305009556056235 285 0.3304641200701046 0.433063643513277
71 0.34769424539235383 0.4305009556056235 319 0.2856476989274366 0.40852235202634135
71 0.34769424539235383 0.4305009556056235 335 0.2876018788718694 0.40277133664133535
71 0.34769424539235383 0.4305009556056235 341 0.36165931799705664 0.37174712059403425
72 0.7839842205316121 0.9952668620867801 162 0.7777436498773456 0.9545170528743647
72 0.7839842205316121 0.9952668620867801 208 0.7392235607891807 0.9654308789281321
72 0.7839842205316121 0.9952668620867801 265 0.7449164382580924 0.9537947953448748
72 0.7839842205316121 0.9952668620867801 298 0.8044793723190196 0.99783453564413
73 0.9674504582161321 0.5155161963950671 97 0.9801272496114072 0.574996320773128
73 0.9674504582161321 0.5155161963950671 274 0.9394459255864557 0.5526956717826553
73 0.9674504582161321 0.5155161963950671 293 0.9163498431798975 0.5163515009528149
73 0.9674504582161321 0.5155161963950671 349 0.9245881114417397 0.5654691579449643
74 0.9289740396104884 0.6350382155721113 129 0.8644111688968977 0.6524911083635272
74 0.9289740396104884 0.6350382155721113 196 0.986796434590043 0.6344338580186217
74 0.9289740396104884 0.6350382155721113 336 0.9290094133032336 0.6285249783567018
75 0.7266741745092046 0.1755392966796414 107 0.7317450484796241 0.15169034650019653
75 0.7266741745092046 0.1755392966796414 347 0.7655522805296086 0.22275898123683913
76 0.2723485877675291 0.41849577738993027 168 0.2744831236791573 0.3578185345770297
76 0.2723485877675291 0.41849577738993027 215 0.2620565425278718 0.3937140088474391
76 0.2723485877675291 0.41849577738993027 285 0.3304641200701046 0.433063643513277
76 0.2723485877675291 0.41849577738993027 319 0.2856476989274366 0.40852235202634135
76 0.2723485877675291 0.41849577738993027 335 0.2876018788718694 0.40277133664133535
77 0.3969729949693075 0.07359072398253308 99 0.4398785355438477 0.06716906636740816
77 0.3969729949693075 0.07359072398253308 100 0.4276015766398269 0.1337536980838332
77 0.3969729949693075 0.07359072398253308 283 0.4517193060073573 0.10033038910666081
77 0.3969729949693075 0.07359072398253308 314 0.39620617933479685 0.022463755089491055
77 0.3969729949693075 0.07359072398253308 379 0.3632333829543929 0.01766594402659727
78 0.006021636221621995 0.7135369783526109 185 0.009387533303116147 0.776197828101481
78 0.006021636221621995 0.7135369783526109 286 0.04195865590812331 0.6626047429038355
78 0.006021636221621995 0.7135369783526109 365 0.029127835205636443 0.7435926276473183
79 0.998433072935406 0.9177092799084442 180 0.9665517186489821 0.9589500317759168
79 0.998433072935406 0.9177092799084442 348 0.9866862407405282 0.9776547331797442
80 0.5047637101814938 0.14462941059657763 101 0.5302066846184408 0.10972592533155312
80 0.5047637101814938 0.14462941059657763 212 0.46046193604066454 0.15126129639164387
80 0.5047637101814938 0.14462941059657763 231 0.5047013317835422 0.1229828747857935
80 0.5047637101814938 0.14462941059657763 248 0.49311143935242796 0.10591251331410134
80 0.5047637101814938 0.14462941059657763 354 0.5190477545620525 0.11546109812267391
80 0.5047637101814938 0.14462941059657763 355 0.5067686567135161 0.1399895650540306
80 0.5047637101814938 0.14462941059657763 383 0.5245010488545636 0.14718927692993855
81 0.36329530164621116 0.34538829534723947 103 0.3680549777254015 0.3551420128831356
81 0.36329530164621116 0.34538829534723947 194 0.4012251807420091 0.35198453440567423
81 0.36329530164621116 0.34538829534723947 304 0.3772987771767281 0.3270081530855824
81 0.36329530164621116 0.34538829534723947 341 0.36165931799705664 0.37174712059403425
81 0.36329530164621116 0.34538829534723947 363 0.36762736474696234 0.2791084119557605
82 0.5360693596395778 0.5765821278882721 121 0.5932298506543228 0.5484334831044987
82 0.5360693596395778 0.5765821278882721 140 0.5728094644093948 0.5247839471923984
82 0.5360693596395778 0.5765821278882721 171 0.48171619251485953 0.5662760393281795
82 0.5360693596395778 0.5765821278882721 242 0.5077090717846211 0.5535091589258544
82 0.5360693596395778 0.5765821278882721 270 0.5651943746467278 0.5630869331715195
82 0.5360693596395778 0.5765821278882721 271 0.5112871959559337 0.6152984036493325
82 0.5360693596395778 0.5765821278882721 359 0.4755498892333988 0.5630552241443771
83 0.07411359790003547 0.8029543629685167 288 0.040376650198342134 0.7979946836013854
83 0.07411359790003547 0.8029543629685167 294 0.12689435231925028 0.807753470696514
83 0.07411359790003547 0.8029543629685167 367 0.08634685495615857 0.8116081159491123
84 0.9922268616179527 0.7679575790345268 370 0.976176756105934 0.8200436960118924
85 0.9939551805504858 0.2167944771403899 88 0.9779168409840621 0.24038803298873446
85 0.9939551805504858 0.2167944771403899 96 0.947341792785232 0.18921410820610496
85 0.9939551805504858 0.2167944771403899 151 0.9804258012345606 0.26245191705160076
85 0.9939551805504858 0.2167944771403899 182 0.9856665744652973 0.1806262190513488
85 0.9939551805504858 0.2167944771403899 282 0.9571417606136265 0.24934408955161624
86 0.8977948898744242 0.9837053407725739 308 0.9116457817920728 0.9702934460360607
86 0.8977948898744242 0.9837053407725739 331 0.8665592431912098 0.958562207437023
87 0.12280422742906782 0.9965006869640842 238 0.1358996787306318 0.9855214033992666
87 0.12280422742906782 0.9965006869640842 377 0.058659694787123406 0.9993471521707691
88 0.9779168409840621 0.24038803298873446 96 0.947341792785232 0.18921410820610496
88 0.9779168409840621 0.24038803298873446 151 0.9804258012345606 0.26245191705160076
88 0.9779168409840621 0.24038803298873446 182 0.9856665744652973 0.1806262190513488
88 0.9779168409840621 0.24038803298873446 282 0.9571417606136265 0.24934408955161624
89 0.31218168491310183 0.18441634571313148 119 0.36292944573891905 0.17230490023411393
89 0.31218168491310183 0.18441634571313148 138 0.337414773279043 0.16372795783319394
89 0.31218168491310183 0.18441634571313148 143 0.31391595707668063 0.1958731864429203
89 0.31218168491310183 0.18441634571313148 245 0.360964606488959 0.1990102562547036
89 0.31218168491310183 0.18441634571313148 301 0.366534594392246 0.2173186982178612
89 0.31218168491310183 0.18441634571313148 369 0.3100721034846238 0.19159798088647384
90 0.38638033149930495 0.27240894713643427 198 0.32938863598781587 0.27628293526556724
90 0.38638033149930495 0.27240894713643427 258 0.4134562370516436 0.27016837671354776
90 0.38638033149930495 0.27240894713643427 297 0.4235457802957038 0.30943049695486247
90 0.38638033149930495 0.27240894713643427 301 0.366534594392246 0.2173186982178612
90 0.38638033149930495 0.27240894713643427 304 0.3772987771767281 0.3270081530855824
90 0.38638033149930495 0.27240894713643427 363 0.36762736474696234 0.2791084119557605
91 0.44909604551350013 0.37173133233494715 174 0.4266702831182181 0.40253775453158214
91 0.44909604551350013 0.37173133233494715 188 0.41885455180552134 0.4198120826593148
91 0.44909604551350013 0.37173133233494715 194 0.4012251807420091 0.35198453440567423
91 0.44909604551350013 0.37173133233494715 197 0.45786768202401473 0.33881160946020084
91 0.44909604551350013 0.37173133233494715 297 0.4235457802957038 0.30943049695486247
91 0.44909604551350013 0.37173133233494715 309 0.5151540725301671 0.3631489873650229
91 0.44909604551350013 0.37173133233494715 384 0.4621464241956753 0.4079509612080273
91 0.44909604551350013 0.37173133233494715 387 0.4335638525733203 0.40713195323242357
92 0.2870561196008913 0.7539396108634042 150 0.27531699252421005 0.8125293822832328
92 0.2870561196008913 0.7539396108634042 224 0.29791486395114186 0.6891008749849498
92 0.2870561196008913 0.7539396108634042 230 0.27187037139049663 0.7278966608725299
92 0.2870561196008913 0.7539396108634042 252 0.2454805943228211 0.8055360945023702
92 0.2870561196008913 0.7539396108634042 339 0.23224612294501856 0.7809164665106304
92 0.2870561196008913 0.7539396108634042 389 0.29061179822428784 0.8070807657309353
92 0.2870561196008913 0.7539396108634042 395 0.31654134325684 0.7978206485488558
93 0.08079087200722146 0.33818832725488823 204 0.0854174957813304 0.35286901050298725
93 0.08079087200722146 0.33818832725488823 237 0.08749909602066885 0.31577538811725303
93 0.08079087200722146 0.33818832725488823 374 0.08374210158099271 0.402610411341521
94 0.8583266559277757 0.7887851786261971 146 0.8727622325229144 0.7768244009071925
94 0.8583266559277757 0.7887851786261971 159 0.8234785224732807 0.7515126165559144
94 0.8583266559277757 0.7887851786261971 259 0.9044228657171933 0.8235125245164227
95 0.09335680304501248 0.24062554410023662 255 0.11131372576575149 0.2448531483469658
95 0.09335680304501248 0.24062554410023662 337 0.10308455949582529 0.23079117336247257
95 0.09335680304501248 0.24062554410023662 380 0.10102749804927502 0.2415720781328068
95 0.09335680304501248 0.24062554410023662 390 0.13029205941038102 0.18744630212453217
96 0.947341792785232 0.18921410820610496 182 0.9856665744652973 0.1806262190513488
96 0.947341792785232 0.18921410820610496 282 0.9571417606136265 0.24934408955161624
96 0.947341792785232 0.18921410820610496 315 0.9545073714219778 0.12731972826181337
97 0.9801272496114072 0.574996320773128 196 0.986796434590043 0.6344338580186217
97 0.9801272496114072 0.574996320773128 274 0.9394459255864557 0.5526956717826553
97 0.9801272496114072 0.574996320773128 349 0.9245881114417397 0.5654691579449643
98 0.039415151764024325 0.6048175466602963 286 0.04195865590812331 0.6626047429038355
99 0.4398785355438477 0.06716906636740816 248 0.49311143935242796 0.10591251331410134
99 0.4398785355438477 0.06716906636740816 283 0.4517193060073573 0.10033038910666081
99 0.4398785355438477 0.06716906636740816 312 0.47954663274071707 0.035037874264708946
99 0.4398785355438477 0.06716906636740816 314 0.39620617933479685 0.022463755089491055
100 0.4276015766398269 0.1337536980838332 212 0.46046193604066454 0.15126129639164387
100 0.4276015766398269 0.1337536980838332 244 0.3782137640569718 0.15635771563597112
100 0.4276015766398269 0.1337536980838332 283 0.4517193060073573 0.10033038910666081
100 0.4276015766398269 0.1337536980838332 386 0.4286543822467078 0.15445122028704494
101 0.5302066846184408 0.10972592533155312 231 0.5047013317835422 0.1229828747857935
101 0.5302066846184408 0.10972592533155312 248 0.49311143935242796 0.10591251331410134
101 0.5302066846184408 0.10972592533155312 354 0.5190477545620525 0.11546109812267391
101 0.5302066846184408 0.10972592533155312 355 0.5067686567135161 0.1399895650540306
101 0.5302066846184408 0.10972592533155312 383 0.5245010488545636 0.14718927692993855
102 0.46847223782514025 0.6512704676108462 271 0.5112871959559337 0.6152984036493325
102 0.46847223782514025 0.6512704676108462 357 0.4447726431974506 0.594810377334524
103 0.3680549777254015 0.3551420128831356 194 0.4012251807420091 0.35198453440567423
103 0.3680549777254015 0.3551420128831356 304 0.3772987771767281 0.3270081530855824
103 0.3680549777254015 0.3551420128831356 341 0.36165931799705664 0.37174712059403425
104 0.592331288470216 0.7241895668344984 157 0.5991563590231646 0.7440610108739549
104 0.592331288470216 0.7241895668344984 221 0.5695340682831305 0.7059175459911498
104 0.592331288470216 0.7241895668344984 306 0.585203807212292 0.7709572509488508
105 0.41721735097501633 0.6001414162528668 190 0.35736777937717146 0.6263960490391973
105 0.41721735097501633 0.6001414162528668 220 0.4259571883640654 0.5808008562889815
105 0.41721735097501633 0.6001414162528668 223 0.40902225828449745 0.5928653081943174
105 0.41721735097501633 0.6001414162528668 357 0.4447726431974506 0.594810377334524
106 0.2995934607180888 0.6450738066246621 127 0.3509449588539325 0.6274284283561599
106 0.2995934607180888 0.6450738066246621 163 0.28234064247716706 0.6725551970635364
106 0.2995934607180888 0.6450738066246621 190 0.35736777937717146 0.6263960490391973
106 0.2995934607180888 0.6450738066246621 202 0.3414786763615656 0.6902255692106573
106 0.2995934607180888 0.6450738066246621 224 0.29791486395114186 0.6891008749849498
106 0.2995934607180888 0.6450738066246621 264 0.30625614667968815 0.6587943351575017
107 0.7317450484796241 0.15169034650019653 209 0.7102779010381113 0.09081818892338867
107 0.7317450484796241 0.15169034650019653 324 0.7731801087676476 0.10737310149889756
108 0.719769686727563 0.8160886250354941 145 0.7467458584857339 0.8503730470339077
108 0.719769686727563 0.8160886250354941 316 0.6701292508867955 0.7711672172231141
108 0.719769686727563 0.8160886250354941 321 0.7762280497057863 0.8310019528647619
108 0.719769686727563 0.8160886250354941 399 0.6708727915171956 0.859415659154325
109 0.13453473161873153 0.4520013289560074 141 0.13746649851934378 0.40229287958541016
109 0.13453473161873153 0.4520013289560074 346 0.1115903008260295 0.47815485518555856
110 0.43548344135248707 0.44010801714570336 132 0.4172968738518883 0.4372805729864797
110 0.43548344135248707 0.44010801714570336 174 0.4266702831182181 0.40253775453158214
110 0.43548344135248707 0.44010801714570336 188 0.41885455180552134 0.4198120826593148
110 0.43548344135248707 0.44010801714570336 256 0.4035622733897347 0.43548775547575425
110 0.43548344135248707 0.44010801714570336 277 0.4351003278238338 0.49611994457188047
110 0.43548344135248707 0.44010801714570336 281 0.49854886891755135 0.45820324284841096
110 0.43548344135248707 0.44010801714570336 302 0.44921235157492134 0.4874912837460603
110 0.43548344135248707 0.44010801714570336 384 0.4621464241956753 0.4079509612080273
110 0.43548344135248707 0.44010801714570336 387 0.4335638525733203 0.40713195323242357
112 0.18116753357875592 0.23540384595412234 124 0.22050075836667582 0.2291675329035845
112 0.18116753357875592 0.23540384595412234 125 0.21072061426102173 0.21397923745078873
112 0.18116753357875592 0.23540384595412234 313 0.16338903122693893 0.23039821733787347
112 0.18116753357875592 0.23540384595412234 373 0.17759334933666637 0.2064179670740096
113 0.09840715474009476 0.12081730258458379 160 0.15706825878991915 0.10926189824086663
113 0.09840715474009476 0.12081730258458379 173 0.06710430259340838 0.13507685490452281
113 0.09840715474009476 0.12081730258458379 203 0.12404904074278411 0.16249827978265108
113 0.09840715474009476 0.12081730258458379 241 0.11665227765614894 0.09917866574095424
113 0.09840715474009476 0.12081730258458379 305 0.0924772822713138 0.0779613511842947
114 0.7145678083386764 0.6802965851063466 284 0.7389084502179936 0.6980600246788563
115 0.7581602837462159 0.28909105427142345 130 0.7454528160097521 0.3082917005171698
115 0.7581602837462159 0.28909105427142345 178 0.7159893251178854 0.3384442908539398
115 0.7581602837462159 0.28909105427142345 227 0.7338091803600854 0.2859516205258279
115 0.7581602837462159 0.28909105427142345 278 0.7618670111704909 0.2946190581389574
115 0.7581602837462159 0.28909105427142345 347 0.7655522805296086 0.22275898123683913
116 0.6289062717154036 0.11543520308024668 144 0.6347004022536415 0.05625037891068685
116 0.6289062717154036 0.11543520308024668 234 0.600383157578096 0.14204660113247403
116 0.6289062717154036 0.11543520308024668 275 0.644713676665998 0.10947862472397607
117 0.6484677970795858 0.476662153855112 123 0.605829333691611 0.528945839359303
117 0.6484677970795858 0.476662153855112 131 0.673663818807761 0.4511696718997066
117 0.6484677970795858 0.476662153855112 332 0.6241235630322322 0.5086621633328974
117 0.6484677970795858 0.476662153855112 361 0.6028076691936242 0.46038391172761794
118 0.12453313014354717 0.8839117603232869 170 0.11934149263365124 0.8887279929798763
118 0.12453313014354717 0.8839117603232869 210 0.13909992804138493 0.8926717625460575
119 0.36292944573891905 0.17230490023411393 138 0.337414773279043 0.16372795783319394
119 0.36292944573891905 0.17230490023411393 143 0.31391595707668063 0.1958731864429203
119 0.36292944573891905 0.17230490023411393 206 0.3268488394379919 0.1170572662581435
119 0.36292944573891905 0.17230490023411393 244 0.3782137640569718 0.15635771563597112
119 0.36292944573891905 0.17230490023411393 245 0.360964606488959 0.1990102562547036
119 0.36292944573891905 0.17230490023411393 301 0.366534594392246 0.2173186982178612
119 0.36292944573891905 0.17230490023411393 369 0.3100721034846238 0.19159798088647384
120 0.7911234988779896 0.5732069303692922 155 0.8180359284943822 0.5864843977344812
120 0.7911234988779896 0.5732069303692922 287 0.7696132558974624 0.5660609183739945
121 0.5932298506543228 0.5484334831044987 123 0.605829333691611 0.528945839359303
121 0.5932298506543228 0.5484334831044987 140 0.5728094644093948 0.5247839471923984
121 0.5932298506543228 0.5484334831044987 270 0.5651943746467278 0.5630869331715195
121 0.5932298506543228 0.5484334831044987 320 0.6282599717205866 0.5653638284511555
121 0.5932298506543228 0.5484334831044987 322 0.5669293383838904 0.5105064595412151
121 0.5932298506543228 0.5484334831044987 332 0.6241235630322322 0.5086621633328974
121 0.5932298506543228 0.5484334831044987 388 0.618285714061914 0.5934881097827098
122 0.26495154705528257 0.33799996369050633 168 0.2744831236791573 0.3578185345770297
122 0.26495154705528257 0.33799996369050633 215 0.2620565425278718 0.3937140088474391
122 0.26495154705528257 0.33799996369050633 292 0.23306517133733717 0.2860983095702334
122 0.26495154705528257 0.33799996369050633 378 0.23235214484927535 0.30599654032288337
123 0.605829333691611 0.528945839359303 140 0.5728094644093948 0.5247839471923984
123 0.605829333691611 0.528945839359303 270 0.5651943746467278 0.5630869331715195
123 0.605829333691611 0.528945839359303 291 0.6680720384235989 0.5520583716300084
123 0.605829333691611 0.528945839359303 320 0.6282599717205866 0.5653638284511555
123 0.605829333691611 0.528945839359303 322 0.5669293383838904 0.5105064595412151
123 0.605829333691611 0.528945839359303 332 0.6241235630322322 0.5086621633328974
123 0.605829333691611 0.528945839359303 388 0.618285714061914 0.5934881097827098
124 0.22050075836667582 0.2291675329035845 125 0.21072061426102173 0.21397923745078873
124 0.22050075836667582 0.2291675329035845 214 0.24077245372399758 0.2709134589987393
124 0.22050075836667582 0.2291675329035845 260 0.26130002198466495 0.2669163720903296
124 0.22050075836667582 0.2291675329035845 292 0.23306517133733717 0.2860983095702334
124 0.22050075836667582 0.2291675329035845 313 0.16338903122693893 0.23039821733787347
124 0.22050075836667582 0.2291675329035845 373 0.17759334933666637 0.2064179670740096
125 0.21072061426102173 0.21397923745078873 214 0.24077245372399758 0.2709134589987393
125 0.21072061426102173 0.21397923745078873 229 0.20857556921163645 0.15948400101245486
125 0.21072061426102173 0.21397923745078873 313 0.16338903122693893 0.23039821733787347
125 0.21072061426102173 0.21397923745078873 373 0.17759334933666637 0.2064179670740096
126 0.5316460924777378 0.43183303896962477 225 0.5064161840349881 0.455972049262794
126 0.5316460924777378 0.43183303896962477 281 0.49854886891755135 0.45820324284841096
126 0.5316460924777378 0.43183303896962477 352 0.5559252086459594 0.40774605673884234
127 0.3509449588539325 0.6274284283561599 190 0.35736777937717146 0.6263960490391973
127 0.3509449588539325 0.6274284283561599 202 0.3414786763615656 0.6902255692106573
127 0.3509449588539325 0.6274284283561599 223 0.40902225828449745 0.5928653081943174
127 0.3509449588539325 0.6274284283561599 264 0.30625614667968815 0.6587943351575017
128 0.5948702851226305 0.32411888999833816 166 0.6432754648591178 0.3685969154743406
128 0.5948702851226305 0.32411888999833816 195 0.644083874077548 0.31743683659786814
128 0.5948702851226305 0.32411888999833816 364 0.6151613098271425 0.34377816588802523
128 0.5948702851226305 0.32411888999833816 368 0.5285532482356677 0.33667423639756633
130 0.7454528160097521 0.3082917005171698 178 0.7159893251178854 0.3384442908539398
130 0.7454528160097521 0.3082917005171698 227 0.7338091803600854 0.2859516205258279
130 0.7454528160097521 0.3082917005171698 278 0.7618670111704909 0.2946190581389574
131 0.673663818807761 0.4511696718997066 181 0.7130327513540387 0.4047204104419698
131 0.673663818807761 0.4511696718997066 340 0.7270084196740008 0.43292632038788725
131 0.673663818807761 0.4511696718997066 360 0.7127959474985543 0.40607100158791043
132 0.4172968738518883 0.4372805729864797 174 0.4266702831182181 0.40253775453158214
132 0.4172968738518883 0.4372805729864797 188 0.41885455180552134 0.4198120826593148
132 0.4172968738518883 0.4372805729864797 256 0.4035622733897347 0.43548775547575425
132 0.4172968738518883 0.4372805729864797 277 0.4351003278238338 0.49611994457188047
132 0.4172968738518883 0.4372805729864797 302 0.44921235157492134 0.4874912837460603
132 0.4172968738518883 0.4372805729864797 384 0.4621464241956753 0.4079509612080273
132 0.4172968738518883 0.4372805729864797 387 0.4335638525733203 0.40713195323242357
133 0.6445975549073863 0.6255724791303975 164 0.6915898795292731 0.5935970378792924
133 0.6445975549073863 0.6255724791303975 199 0.6671734730551535 0.5670702884380359
133 0.6445975549073863 0.6255724791303975 320 0.6282599717205866 0.5653638284511555
133 0.6445975549073863 0.6255724791303975 327 0.6644656416618804 0.5985559310654925
133 0.6445975549073863 0.6255724791303975 328 0.7017738083064549 0.5988514618199817
133 0.6445975549073863 0.6255724791303975 388 0.618285714061914 0.5934881097827098
134 0.19803633112946217 0.9620872190892072 152 0.20047163903349663 0.9917326667950139
134 0.19803633112946217 0.9620872190892072 213 0.1934073408393332 0.9817743056737624
134 0.19803633112946217 0.9620872190892072 238 0.1358996787306318 0.9855214033992666
134 0.19803633112946217 0.9620872190892072 243 0.18832076241528495 0.9382961742539027
134 0.19803633112946217 0.9620872190892072 262 0.2577604992036405 0.9347076709333042
135 0.6217166562426603 0.8720213482160563 142 0.5658503962891747 0.8381365696394938
135 0.6217166562426603 0.8720213482160563 240 0.6124640664471688 0.8506095334618577
135 0.6217166562426603 0.8720213482160563 276 0.5558850043970177 0.8716011540067035
135 0.6217166562426603 0.8720213482160563 399 0.6708727915171956 0.859415659154325
136 0.21329094998207143 0.0593955632464227 263 0.22949564182370774 0.08911978871935677
136 0.21329094998207143 0.0593955632464227 307 0.2540714934629319 0.058578256029981346
136 0.21329094998207143 0.0593955632464227 311 0.2670790524659101 0.05836298098787229
137 0.6953900727494307 0.9033868218682266 267 0.7055148710079161 0.8941832027151061
137 0.6953900727494307 0.9033868218682266 382 0.6756189271520766 0.9272644669906065
137 0.6953900727494307 0.9033868218682266 399 0.6708727915171956 0.859415659154325
138 0.337414773279043 0.16372795783319394 143 0.31391595707668063 0.1958731864429203
138 0.337414773279043 0.16372795783319394 206 0.3268488394379919 0.1170572662581435
138 0.337414773279043 0.16372795783319394 244 0.3782137640569718 0.15635771563597112
138 0.337414773279043 0.16372795783319394 245 0.360964606488959 0.1990102562547036
138 0.337414773279043 0.16372795783319394 301 0.366534594392246 0.2173186982178612
138 0.337414773279043 0.16372795783319394 369 0.3100721034846238 0.19159798088647384
139 0.5856541638125801 0.9707360464947863 251 0.5864869443639207 0.9732365504417136
139 0.5856541638125801 0.9707360464947863 345 0.5920419917696519 0.9558227819364634
140 0.5728094644093948 0.5247839471923984 270 0.5651943746467278 0.5630869331715195
140 0.5728094644093948 0.5247839471923984 322 0.5669293383838904 0.5105064595412151
140 0.5728094644093948 0.5247839471923984 332 0.6241235630322322 0.5086621633328974
141 0.13746649851934378 0.40229287958541016 374 0.08374210158099271 0.402610411341521
142 0.5658503962891747 0.8381365696394938 240 0.6124640664471688 0.8506095334618577
142 0.5658503962891747 0.8381365696394938 269 0.580334943656774 0.8038703891152783
142 0.5658503962891747 0.8381365696394938 276 0.5558850043970177 0.8716011540067035
143 0.31391595707668063 0.1958731864429203 245 0.360964606488959 0.1990102562547036
143 0.31391595707668063 0.1958731864429203 301 0.366534594392246 0.2173186982178612
143 0.31391595707668063 0.1958731864429203 369 0.3100721034846238 0.19159798088647384
144 0.6347004022536415 0.05625037891068685 266 0.6743133460968397 0.05294140842788064
144 0.6347004022536415 0.05625037891068685 275 0.644713676665998 0.10947862472397607
145 0.7467458584857339 0.8503730470339077 186 0.8109367015271493 0.8566121859014679
145 0.7467458584857339 0.8503730470339077 267 0.7055148710079161 0.8941832027151061
145 0.7467458584857339 0.8503730470339077 321 0.7762280497057863 0.8310019528647619
146 0.8727622325229144 0.7768244009071925 159 0.8234785224732807 0.7515126165559144
146 0.8727622325229144 0.7768244009071925 259 0.9044228657171933 0.8235125245164227
146 0.8727622325229144 0.7768244009071925 371 0.9074551731955595 0.7264654946782342
147 0.8576481859559318 0.3025511599098305 158 0.9033029566369247 0.27839527996452995
147 0.8576481859559318 0.3025511599098305 338 0.9103901927329617 0.2692567370133637
147 0.8576481859559318 0.3025511599098305 356 0.8252970945438708 0.3140462326867549
148 0.861247578732597 0.9267520138212222 236 0.8661465299418565 0.8656458338447598
148 0.861247578732597 0.9267520138212222 308 0.9116457817920728 0.9702934460360607
148 0.861247578732597 0.9267520138212222 331 0.8665592431912098 0.958562207437023
148 0.861247578732597 0.9267520138212222 358 0.8257112991106246 0.8830400535710485
149 0.7991389188549494 0.047260905878251824 153 0.741531371907859 0.03467442477726934
149 0.7991389188549494 0.047260905878251824 179 0.7453506108592527 0.03415164033285911
149 0.7991389188549494 0.047260905878251824 207 0.7916882128769829 0.10601996796482915
149 0.7991389188549494 0.047260905878251824 250 0.8314157252319272 0.06351604121981802
149 0.7991389188549494 0.047260905878251824 324 0.7731801087676476 0.10737310149889756
150 0.27531699252421005 0.8125293822832328 154 0.28935433897808993 0.8352232883278279
150 0.27531699252421005 0.8125293822832328 183 0.22173146538501043 0.7745998701607506
150 0.27531699252421005 0.8125293822832328 200 0.2864011564431561 0.8343633981432571
150 0.27531699252421005 0.8125293822832328 252 0.2454805943228211 0.8055360945023702
150 0.27531699252421005 0.8125293822832328 339 0.23224612294501856 0.7809164665106304
150 0.27531699252421005 0.8125293822832328 389 0.29061179822428784 0.8070807657309353
150 0.27531699252421005 0.8125293822832328 395 0.31654134325684 0.7978206485488558
151 0.9804258012345606 0.26245191705160076 282 0.9571417606136265 0.24934408955161624
152 0.20047163903349663 0.9917326667950139 213 0.1934073408393332 0.9817743056737624
152 0.20047163903349663 0.9917326667950139 238 0.1358996787306318 0.9855214033992666
152 0.20047163903349663 0.9917326667950139 243 0.18832076241528495 0.9382961742539027
153 0.741531371907859 0.03467442477726934 179 0.7453506108592527 0.03415164033285911
153 0.741531371907859 0.03467442477726934 209 0.7102779010381113 0.09081818892338867
153 0.741531371907859 0.03467442477726934 219 0.7145373539438522 0.008697145746576762
153 0.741531371907859 0.03467442477726934 222 0.697893932862308 0.028215105914897953
154 0.28935433897808993 0.8352232883278279 200 0.2864011564431561 0.8343633981432571
154 0.28935433897808993 0.8352232883278279 252 0.2454805943228211 0.8055360945023702
154 0.28935433897808993 0.8352232883278279 389 0.29061179822428784 0.8070807657309353
154 0.28935433897808993 0.8352232883278279 395 0.31654134325684 0.7978206485488558
155 0.8180359284943822 0.5864843977344812 268 0.8573157041135092 0.5387992932800814
155 0.8180359284943822 0.5864843977344812 287 0.7696132558974624 0.5660609183739945
155 0.8180359284943822 0.5864843977344812 333 0.8743408390517629 0.573189286014886
156 0.9838437937319437 0.0960300694702112 189 0.9802185740045397 0.1095346315694693
156 0.9838437937319437 0.0960300694702112 192 0.9910934877105683 0.12025049755530282
156 0.9838437937319437 0.0960300694702112 216 0.9666924296944045 0.08755310688840057
156 0.9838437937319437 0.0960300694702112 232 0.9236620120182764 0.09315622942171364
156 0.9838437937319437 0.0960300694702112 315 0.9545073714219778 0.12731972826181337
156 0.9838437937319437 0.0960300694702112 372 0.9280776287680799 0.07843150276879729
156 0.9838437937319437 0.0960300694702112 398 0.9272691473213828 0.11406966864017587
157 0.5991563590231646 0.7440610108739549 221 0.5695340682831305 0.7059175459911498
157 0.5991563590231646 0.7440610108739549 246 0.6567454746272741 0.7689953160600803
157 0.5991563590231646 0.7440610108739549 269 0.580334943656774 0.8038703891152783
157 0.5991563590231646 0.7440610108739549 306 0.585203807212292 0.7709572509488508
158 0.9033029566369247 0.27839527996452995 282 0.9571417606136265 0.24934408955161624
158 0.9033029566369247 0.27839527996452995 338 0.9103901927329617 0.2692567370133637
159 0.8234785224732807 0.7515126165559144 279 0.7719652847737478 0.7667374889291847
160 0.15706825878991915 0.10926189824086663 203 0.12404904074278411 0.16249827978265108
160 0.15706825878991915 0.10926189824086663 226 0.2109741047617547 0.13004680006751335
160 0.15706825878991915 0.10926189824086663 241 0.11665227765614894 0.09917866574095424
160 0.15706825878991915 0.10926189824086663 273 0.18111555540283175 0.11910809533599398
161 0.27951240858360704 0.937760513507265 262 0.2577604992036405 0.9347076709333042
161 0.27951240858360704 0.937760513507265 310 0.27783878308120524 0.932925035513205
161 0.27951240858360704 0.937760513507265 381 0.32979487505467875 0.9412382167690769
162 0.7777436498773456 0.9545170528743647 208 0.7392235607891807 0.9654308789281321
162 0.7777436498773456 0.9545170528743647 265 0.7449164382580924 0.9537947953448748
162 0.7777436498773456 0.9545170528743647 298 0.8044793723190196 0.99783453564413
163 0.28234064247716706 0.6725551970635364 202 0.3414786763615656 0.6902255692106573
163 0.28234064247716706 0.6725551970635364 224 0.29791486395114186 0.6891008749849498
163 0.28234064247716706 0.6725551970635364 230 0.27187037139049663 0.7278966608725299
163 0.28234064247716706 0.6725551970635364 264 0.30625614667968815 0.6587943351575017
164 0.6915898795292731 0.5935970378792924 199 0.6671734730551535 0.5670702884380359
164 0.6915898795292731 0.5935970378792924 291 0.6680720384235989 0.5520583716300084
164 0.6915898795292731 0.5935970378792924 327 0.6644656416618804 0.5985559310654925
164 0.6915898795292731 0.5935970378792924 328 0.7017738083064549 0.5988514618199817
165 0.18298293009136357 0.510092582708108 191 0.22884649207024887 0.5369332743039381
165 0.18298293009136357 0.510092582708108 205 0.17566558037309732 0.559756193329064
165 0.18298293009136357 0.510092582708108 366 0.2223755011124552 0.5281688305289209
166 0.6432754648591178 0.3685969154743406 172 0.6243785727165022 0.4015841445717765
166 0.6432754648591178 0.3685969154743406 195 0.644083874077548 0.31743683659786814
166 0.6432754648591178 0.3685969154743406 249 0.6134697136090628 0.39112793515292577
166 0.6432754648591178 0.3685969154743406 364 0.6151613098271425 0.34377816588802523
167 0.9337002014617125 0.4118623051116619 218 0.9408733698057737 0.43274914217107296
168 0.2744831236791573 0.3578185345770297 215 0.2620565425278718 0.3937140088474391
168 0.2744831236791573 0.3578185345770297 319 0.2856476989274366 0.40852235202634135
168 0.2744831236791573 0.3578185345770297 335 0.2876018788718694 0.40277133664133535
168 0.2744831236791573 0.3578185345770297 378 0.23235214484927535 0.30599654032288337
169 0.7803136628639639 0.4647746844589751 329 0.8240276663600784 0.4190989568465159
169 0.7803136628639639 0.4647746844589751 340 0.7270084196740008 0.43292632038788725
169 0.7803136628639639 0.4647746844589751 351 0.8102283664938196 0.43439079924736756
169 0.7803136628639639 0.4647746844589751 394 0.795018290372134 0.43461459287756066
169 0.7803136628639639 0.4647746844589751 396 0.8099372508796672 0.47858404522264564
170 0.11934149263365124 0.8887279929798763 210 0.13909992804138493 0.8926717625460575
171 0.48171619251485953 0.5662760393281795 220 0.4259571883640654 0.5808008562889815
171 0.48171619251485953 0.5662760393281795 242 0.5077090717846211 0.5535091589258544
171 0.48171619251485953 0.5662760393281795 271 0.5112871959559337 0.6152984036493325
171 0.48171619251485953 0.5662760393281795 323 0.4773944490518739 0.5013038532730479
171 0.48171619251485953 0.5662760393281795 357 0.4447726431974506 0.594810377334524
171 0.48171619251485953 0.5662760393281795 359 0.4755498892333988 0.5630552241443771
172 0.6243785727165022 0.4015841445717765 249 0.6134697136090628 0.39112793515292577
172 0.6243785727165022 0.4015841445717765 361 0.6028076691936242 0.46038391172761794
172 0.6243785727165022 0.4015841445717765 364 0.6151613098271425 0.34377816588802523
173 0.06710430259340838 0.13507685490452281 203 0.12404904074278411 0.16249827978265108
173 0.06710430259340838 0.13507685490452281 241 0.11665227765614894 0.09917866574095424
173 0.06710430259340838 0.13507685490452281 305 0.0924772822713138 0.0779613511842947
174 0.4266702831182181 0.40253775453158214 188 0.41885455180552134 0.4198120826593148
174 0.4266702831182181 0.40253775453158214 194 0.4012251807420091 0.35198453440567423
174 0.4266702831182181 0.40253775453158214 256 0.4035622733897347 0.43548775547575425
174 0.4266702831182181 0.40253775453158214 384 0.4621464241956753 0.4079509612080273
174 0.4266702831182181 0.40253775453158214 387 0.4335638525733203 0.40713195323242357
175 0.03306088027795995 0.024281145052778896 176 0.03108338717063963 0.0037909097935554525
175 0.03306088027795995 0.024281145052778896 334 0.026790968926598713 0.010302423642365222
176 0.03108338717063963 0.0037909097935554525 334 0.026790968926598713 0.010302423642365222
177 0.055470532776462966 0.4631194582396466 326 0.053152569547481376 0.48908968433944244
177 0.055470532776462966 0.4631194582396466 346 0.1115903008260295 0.47815485518555856
177 0.055470532776462966 0.4631194582396466 374 0.08374210158099271 0.402610411341521
177 0.055470532776462966 0.4631194582396466 375 0.0328654238500935 0.4165603253347565
177 0.055470532776462966 0.4631194582396466 392 0.027848594887047273 0.44823689540516043
177 0.055470532776462966 0.4631194582396466 397 0.03465107969579717 0.486930738663125
178 0.7159893251178854 0.3384442908539398 181 0.7130327513540387 0.4047204104419698
178 0.7159893251178854 0.3384442908539398 227 0.7338091803600854 0.2859516205258279
178 0.7159893251178854 0.3384442908539398 278 0.7618670111704909 0.2946190581389574
179 0.7453506108592527 0.03415164033285911 209 0.7102779010381113 0.09081818892338867
179 0.7453506108592527 0.03415164033285911 219 0.7145373539438522 0.008697145746576762
179 0.7453506108592527 0.03415164033285911 222 0.697893932862308 0.028215105914897953
180 0.9665517186489821 0.9589500317759168 308 0.9116457817920728 0.9702934460360607
180 0.9665517186489821 0.9589500317759168 348 0.9866862407405282 0.9776547331797442
181 0.7130327513540387 0.4047204104419698 340 0.7270084196740008 0.43292632038788725
181 0.7130327513540387 0.4047204104419698 360 0.7127959474985543 0.40607100158791043
182 0.9856665744652973 0.1806262190513488 192 0.9910934877105683 0.12025049755530282
182 0.9856665744652973 0.1806262190513488 315 0.9545073714219778 0.12731972826181337
183 0.22173146538501043 0.7745998701607506 252 0.2454805943228211 0.8055360945023702
183 0.22173146538501043 0.7745998701607506 339 0.23224612294501856 0.7809164665106304
184 0.8648616411124078 0.21547830390210077 253 0.8454860840392885 0.17439371375862966
185 0.009387533303116147 0.776197828101481 288 0.040376650198342134 0.7979946836013854
185 0.009387533303116147 0.776197828101481 365 0.029127835205636443 0.7435926276473183
186 0.8109367015271493 0.8566121859014679 236 0.8661465299418565 0.8656458338447598
186 0.8109367015271493 0.8566121859014679 321 0.7762280497057863 0.8310019528647619
186 0.8109367015271493 0.8566121859014679 358 0.8257112991106246 0.8830400535710485
187 0.43677583704736245 0.8693345237623367 254 0.4301678339421424 0.8219377169007765
187 0.43677583704736245 0.8693345237623367 350 0.4550826843306147 0.877213358789919
187 0.43677583704736245 0.8693345237623367 385 0.4369141479651355 0.9250518302655241
188 0.41885455180552134 0.4198120826593148 256 0.4035622733897347 0.43548775547575425
188 0.41885455180552134 0.4198120826593148 384 0.4621464241956753 0.4079509612080273
188 0.41885455180552134 0.4198120826593148 387 0.4335638525733203 0.40713195323242357
189 0.9802185740045397 0.1095346315694693 192 0.9910934877105683 0.12025049755530282
189 0.9802185740045397 0.1095346315694693 216 0.9666924296944045 0.08755310688840057
189 0.9802185740045397 0.1095346315694693 232 0.9236620120182764 0.09315622942171364
189 0.9802185740045397 0.1095346315694693 315 0.9545073714219778 0.12731972826181337
189 0.9802185740045397 0.1095346315694693 372 0.9280776287680799 0.07843150276879729
189 0.9802185740045397 0.1095346315694693 398 0.9272691473213828 0.11406966864017587
190 0.35736777937717146 0.6263960490391973 202 0.3414786763615656 0.6902255692106573
190 0.35736777937717146 0.6263960490391973 223 0.40902225828449745 0.5928653081943174
190 0.35736777937717146 0.6263960490391973 264 0.30625614667968815 0.6587943351575017
191 0.22884649207024887 0.5369332743039381 205 0.17566558037309732 0.559756193329064
191 0.22884649207024887 0.5369332743039381 296 0.28079757861705523 0.5075961923625882
191 0.22884649207024887 0.5369332743039381 366 0.2223755011124552 0.5281688305289209
192 0.9910934877105683 0.12025049755530282 216 0.9666924296944045 0.08755310688840057
192 0.9910934877105683 0.12025049755530282 315 0.9545073714219778 0.12731972826181337
192 0.9910934877105683 0.12025049755530282 398 0.9272691473213828 0.11406966864017587
194 0.4012251807420091 0.35198453440567423 197 0.45786768202401473 0.33881160946020084
194 0.4012251807420091 0.35198453440567423 297 0.4235457802957038 0.30943049695486247
194 0.4012251807420091 0.35198453440567423 304 0.3772987771767281 0.3270081530855824
194 0.4012251807420091 0.35198453440567423 341 0.36165931799705664 0.37174712059403425
194 0.4012251807420091 0.35198453440567423 387 0.4335638525733203 0.40713195323242357
195 0.644083874077548 0.31743683659786814 364 0.6151613098271425 0.34377816588802523
196 0.986796434590043 0.6344338580186217 336 0.9290094133032336 0.6285249783567018
197 0.45786768202401473 0.33881160946020084 235 0.5088238213281941 0.3054290855150631
197 0.45786768202401473 0.33881160946020084 297 0.4235457802957038 0.30943049695486247
197 0.45786768202401473 0.33881160946020084 309 0.5151540725301671 0.3631489873650229
198 0.32938863598781587 0.27628293526556724 363 0.36762736474696234 0.2791084119557605
199 0.6671734730551535 0.5670702884380359 291 0.6680720384235989 0.5520583716300084
199 0.6671734730551535 0.5670702884380359 320 0.6282599717205866 0.5653638284511555
199 0.6671734730551535 0.5670702884380359 327 0.6644656416618804 0.5985559310654925
199 0.6671734730551535 0.5670702884380359 328 0.7017738083064549 0.5988514618199817
199 0.6671734730551535 0.5670702884380359 388 0.618285714061914 0.5934881097827098
200 0.2864011564431561 0.8343633981432571 252 0.2454805943228211 0.8055360945023702
200 0.2864011564431561 0.8343633981432571 389 0.29061179822428784 0.8070807657309353
200 0.2864011564431561 0.8343633981432571 395 0.31654134325684 0.7978206485488558
201 0.14355824124188177 0.7687125639619196 294 0.12689435231925028 0.807753470696514
202 0.3414786763615656 0.6902255692106573 224 0.29791486395114186 0.6891008749849498
202 0.3414786763615656 0.6902255692106573 264 0.30625614667968815 0.6587943351575017
202 0.3414786763615656 0.6902255692106573 317 0.3721140384258449 0.7081942946636629
203 0.12404904074278411 0.16249827978265108 241 0.11665227765614894 0.09917866574095424
203 0.12404904074278411 0.16249827978265108 390 0.13029205941038102 0.18744630212453217
204 0.0854174957813304 0.35286901050298725 237 0.08749909602066885 0.31577538811725303
204 0.0854174957813304 0.35286901050298725 374 0.08374210158099271 0.402610411341521
205 0.17566558037309732 0.559756193329064 300 0.2114548342715401 0.6143415304250189
205 0.17566558037309732 0.559756193329064 343 0.17477244298539218 0.5948869720585531
205 0.17566558037309732 0.559756193329064 366 0.2223755011124552 0.5281688305289209
206 0.3268488394379919 0.1170572662581435 244 0.3782137640569718 0.15635771563597112
206 0.3268488394379919 0.1170572662581435 272 0.2698340834363846 0.12204976205445373
207 0.7916882128769829 0.10601996796482915 250 0.8314157252319272 0.06351604121981802
207 0.7916882128769829 0.10601996796482915 324 0.7731801087676476 0.10737310149889756
208 0.7392235607891807 0.9654308789281321 265 0.7449164382580924 0.9537947953448748
209 0.7102779010381113 0.09081818892338867 222 0.697893932862308 0.028215105914897953
209 0.7102779010381113 0.09081818892338867 266 0.6743133460968397 0.05294140842788064
209 0.7102779010381113 0.09081818892338867 324 0.7731801087676476 0.10737310149889756
210 0.13909992804138493 0.8926717625460575 243 0.18832076241528495 0.9382961742539027
211 1.5656599024616025E-4 0.9731103851045351 377 0.058659694787123406 0.9993471521707691
212 0.46046193604066454 0.15126129639164387 231 0.5047013317835422 0.1229828747857935
212 0.46046193604066454 0.15126129639164387 248 0.49311143935242796 0.10591251331410134
212 0.46046193604066454 0.15126129639164387 283 0.4517193060073573 0.10033038910666081
212 0.46046193604066454 0.15126129639164387 355 0.5067686567135161 0.1399895650540306
212 0.46046193604066454 0.15126129639164387 383 0.5245010488545636 0.14718927692993855
212 0.46046193604066454 0.15126129639164387 386 0.4286543822467078 0.15445122028704494
213 0.1934073408393332 0.9817743056737624 238 0.1358996787306318 0.9855214033992666
213 0.1934073408393332 0.9817743056737624 243 0.18832076241528495 0.9382961742539027
214 0.24077245372399758 0.2709134589987393 260 0.26130002198466495 0.2669163720903296
214 0.24077245372399758 0.2709134589987393 292 0.23306517133733717 0.2860983095702334
214 0.24077245372399758 0.2709134589987393 362 0.20061758464822588 0.3076857592254961
214 0.24077245372399758 0.2709134589987393 378 0.23235214484927535 0.30599654032288337
215 0.2620565425278718 0.3937140088474391 319 0.2856476989274366 0.40852235202634135
215 0.2620565425278718 0.3937140088474391 335 0.2876018788718694 0.40277133664133535
216 0.9666924296944045 0.08755310688840057 232 0.9236620120182764 0.09315622942171364
216 0.9666924296944045 0.08755310688840057 315 0.9545073714219778 0.12731972826181337
216 0.9666924296944045 0.08755310688840057 372 0.9280776287680799 0.07843150276879729
216 0.9666924296944045 0.08755310688840057 398 0.9272691473213828 0.11406966864017587
219 0.7145373539438522 0.008697145746576762 222 0.697893932862308 0.028215105914897953
219 0.7145373539438522 0.008697145746576762 266 0.6743133460968397 0.05294140842788064
220 0.4259571883640654 0.5808008562889815 223 0.40902225828449745 0.5928653081943174
220 0.4259571883640654 0.5808008562889815 357 0.4447726431974506 0.594810377334524
220 0.4259571883640654 0.5808008562889815 359 0.4755498892333988 0.5630552241443771
221 0.5695340682831305 0.7059175459911498 295 0.5066651538877669 0.7304328194235835
221 0.5695340682831305 0.7059175459911498 306 0.585203807212292 0.7709572509488508
222 0.697893932862308 0.028215105914897953 266 0.6743133460968397 0.05294140842788064
223 0.40902225828449745 0.5928653081943174 357 0.4447726431974506 0.594810377334524
224 0.29791486395114186 0.6891008749849498 230 0.27187037139049663 0.7278966608725299
224 0.29791486395114186 0.6891008749849498 264 0.30625614667968815 0.6587943351575017
225 0.5064161840349881 0.455972049262794 281 0.49854886891755135 0.45820324284841096
225 0.5064161840349881 0.455972049262794 302 0.44921235157492134 0.4874912837460603
225 0.5064161840349881 0.455972049262794 323 0.4773944490518739 0.5013038532730479
225 0.5064161840349881 0.455972049262794 384 0.4621464241956753 0.4079509612080273
226 0.2109741047617547 0.13004680006751335 229 0.20857556921163645 0.15948400101245486
226 0.2109741047617547 0.13004680006751335 263 0.22949564182370774 0.08911978871935677
226 0.2109741047617547 0.13004680006751335 272 0.2698340834363846 0.12204976205445373
226 0.2109741047617547 0.13004680006751335 273 0.18111555540283175 0.11910809533599398
226 0.2109741047617547 0.13004680006751335 289 0.24846311293539147 0.1490563296447489
227 0.7338091803600854 0.2859516205258279 278 0.7618670111704909 0.2946190581389574
228 0.9181996859877793 0.03933674238536977 232 0.9236620120182764 0.09315622942171364
228 0.9181996859877793 0.03933674238536977 372 0.9280776287680799 0.07843150276879729
229 0.20857556921163645 0.15948400101245486 273 0.18111555540283175 0.11910809533599398
229 0.20857556921163645 0.15948400101245486 289 0.24846311293539147 0.1490563296447489
229 0.20857556921163645 0.15948400101245486 373 0.17759334933666637 0.2064179670740096
230 0.27187037139049663 0.7278966608725299 339 0.23224612294501856 0.7809164665106304
231 0.5047013317835422 0.1229828747857935 248 0.49311143935242796 0.10591251331410134
231 0.5047013317835422 0.1229828747857935 283 0.4517193060073573 0.10033038910666081
231 0.5047013317835422 0.1229828747857935 354 0.5190477545620525 0.11546109812267391
231 0.5047013317835422 0.1229828747857935 355 0.5067686567135161 0.1399895650540306
231 0.5047013317835422 0.1229828747857935 383 0.5245010488545636 0.14718927692993855
232 0.9236620120182764 0.09315622942171364 315 0.9545073714219778 0.12731972826181337
232 0.9236620120182764 0.09315622942171364 372 0.9280776287680799 0.07843150276879729
232 0.9236620120182764 0.09315622942171364 398 0.9272691473213828 0.11406966864017587
233 0.5311690703380784 0.7757432554817977 269 0.580334943656774 0.8038703891152783
233 0.5311690703380784 0.7757432554817977 295 0.5066651538877669 0.7304328194235835
233 0.5311690703380784 0.7757432554817977 306 0.585203807212292 0.7709572509488508
233 0.5311690703380784 0.7757432554817977 325 0.5174079776737416 0.7904504262901662
234 0.600383157578096 0.14204660113247403 275 0.644713676665998 0.10947862472397607
235 0.5088238213281941 0.3054290855150631 309 0.5151540725301671 0.3631489873650229
235 0.5088238213281941 0.3054290855150631 368 0.5285532482356677 0.33667423639756633
235 0.5088238213281941 0.3054290855150631 376 0.5038175226434557 0.2709216837282038
236 0.8661465299418565 0.8656458338447598 259 0.9044228657171933 0.8235125245164227
236 0.8661465299418565 0.8656458338447598 358 0.8257112991106246 0.8830400535710485
239 0.5367823540900489 0.9045430373891138 276 0.5558850043970177 0.8716011540067035
239 0.5367823540900489 0.9045430373891138 280 0.5172646691350505 0.9546081615070705
240 0.6124640664471688 0.8506095334618577 269 0.580334943656774 0.8038703891152783
240 0.6124640664471688 0.8506095334618577 276 0.5558850043970177 0.8716011540067035
240 0.6124640664471688 0.8506095334618577 399 0.6708727915171956 0.859415659154325
241 0.11665227765614894 0.09917866574095424 273 0.18111555540283175 0.11910809533599398
241 0.11665227765614894 0.09917866574095424 305 0.0924772822713138 0.0779613511842947
242 0.5077090717846211 0.5535091589258544 270 0.5651943746467278 0.5630869331715195
242 0.5077090717846211 0.5535091589258544 271 0.5112871959559337 0.6152984036493325
242 0.5077090717846211 0.5535091589258544 323 0.4773944490518739 0.5013038532730479
242 0.5077090717846211 0.5535091589258544 359 0.4755498892333988 0.5630552241443771
244 0.3782137640569718 0.15635771563597112 245 0.360964606488959 0.1990102562547036
244 0.3782137640569718 0.15635771563597112 301 0.366534594392246 0.2173186982178612
244 0.3782137640569718 0.15635771563597112 386 0.4286543822467078 0.15445122028704494
245 0.360964606488959 0.1990102562547036 301 0.366534594392246 0.2173186982178612
245 0.360964606488959 0.1990102562547036 369 0.3100721034846238 0.19159798088647384
246 0.6567454746272741 0.7689953160600803 316 0.6701292508867955 0.7711672172231141
248 0.49311143935242796 0.10591251331410134 283 0.4517193060073573 0.10033038910666081
248 0.49311143935242796 0.10591251331410134 354 0.5190477545620525 0.11546109812267391
248 0.49311143935242796 0.10591251331410134 355 0.5067686567135161 0.1399895650540306
248 0.49311143935242796 0.10591251331410134 383 0.5245010488545636 0.14718927692993855
249 0.6134697136090628 0.39112793515292577 352 0.5559252086459594 0.40774605673884234
249 0.6134697136090628 0.39112793515292577 364 0.6151613098271425 0.34377816588802523
251 0.5864869443639207 0.9732365504417136 345 0.5920419917696519 0.9558227819364634
252 0.2454805943228211 0.8055360945023702 339 0.23224612294501856 0.7809164665106304
252 0.2454805943228211 0.8055360945023702 389 0.29061179822428784 0.8070807657309353
254 0.4301678339421424 0.8219377169007765 342 0.401032955005021 0.7656966645367609
254 0.4301678339421424 0.8219377169007765 350 0.4550826843306147 0.877213358789919
255 0.11131372576575149 0.2448531483469658 313 0.16338903122693893 0.23039821733787347
255 0.11131372576575149 0.2448531483469658 337 0.10308455949582529 0.23079117336247257
255 0.11131372576575149 0.2448531483469658 380 0.10102749804927502 0.2415720781328068
255 0.11131372576575149 0.2448531483469658 390 0.13029205941038102 0.18744630212453217
256 0.4035622733897347 0.43548775547575425 384 0.4621464241956753 0.4079509612080273
256 0.4035622733897347 0.43548775547575425 387 0.4335638525733203 0.40713195323242357
257 0.07449983425151552 0.678145534699626 286 0.04195865590812331 0.6626047429038355
257 0.07449983425151552 0.678145534699626 290 0.10777659596847966 0.6371755424884197
258 0.4134562370516436 0.27016837671354776 297 0.4235457802957038 0.30943049695486247
258 0.4134562370516436 0.27016837671354776 304 0.3772987771767281 0.3270081530855824
258 0.4134562370516436 0.27016837671354776 363 0.36762736474696234 0.2791084119557605
259 0.9044228657171933 0.8235125245164227 391 0.9382175891110403 0.8426788819407567
260 0.26130002198466495 0.2669163720903296 292 0.23306517133733717 0.2860983095702334
260 0.26130002198466495 0.2669163720903296 378 0.23235214484927535 0.30599654032288337
261 0.38249913483335785 0.5233431689663802 277 0.4351003278238338 0.49611994457188047
261 0.38249913483335785 0.5233431689663802 353 0.3598793030929055 0.5296027927538909
262 0.2577604992036405 0.9347076709333042 310 0.27783878308120524 0.932925035513205
263 0.22949564182370774 0.08911978871935677 272 0.2698340834363846 0.12204976205445373
263 0.22949564182370774 0.08911978871935677 273 0.18111555540283175 0.11910809533599398
263 0.22949564182370774 0.08911978871935677 289 0.24846311293539147 0.1490563296447489
263 0.22949564182370774 0.08911978871935677 307 0.2540714934629319 0.058578256029981346
263 0.22949564182370774 0.08911978871935677 311 0.2670790524659101 0.05836298098787229
263 0.22949564182370774 0.08911978871935677 318 0.2847685766908069 0.05346263803195028
266 0.6743133460968397 0.05294140842788064 275 0.644713676665998 0.10947862472397607
267 0.7055148710079161 0.8941832027151061 382 0.6756189271520766 0.9272644669906065
267 0.7055148710079161 0.8941832027151061 399 0.6708727915171956 0.859415659154325
268 0.8573157041135092 0.5387992932800814 293 0.9163498431798975 0.5163515009528149
268 0.8573157041135092 0.5387992932800814 333 0.8743408390517629 0.573189286014886
269 0.580334943656774 0.8038703891152783 306 0.585203807212292 0.7709572509488508
269 0.580334943656774 0.8038703891152783 325 0.5174079776737416 0.7904504262901662
270 0.5651943746467278 0.5630869331715195 320 0.6282599717205866 0.5653638284511555
270 0.5651943746467278 0.5630869331715195 322 0.5669293383838904 0.5105064595412151
270 0.5651943746467278 0.5630869331715195 388 0.618285714061914 0.5934881097827098
271 0.5112871959559337 0.6152984036493325 359 0.4755498892333988 0.5630552241443771
272 0.2698340834363846 0.12204976205445373 289 0.24846311293539147 0.1490563296447489
272 0.2698340834363846 0.12204976205445373 307 0.2540714934629319 0.058578256029981346
272 0.2698340834363846 0.12204976205445373 311 0.2670790524659101 0.05836298098787229
274 0.9394459255864557 0.5526956717826553 293 0.9163498431798975 0.5163515009528149
274 0.9394459255864557 0.5526956717826553 349 0.9245881114417397 0.5654691579449643
277 0.4351003278238338 0.49611994457188047 302 0.44921235157492134 0.4874912837460603
277 0.4351003278238338 0.49611994457188047 323 0.4773944490518739 0.5013038532730479
278 0.7618670111704909 0.2946190581389574 356 0.8252970945438708 0.3140462326867549
279 0.7719652847737478 0.7667374889291847 321 0.7762280497057863 0.8310019528647619
280 0.5172646691350505 0.9546081615070705 344 0.46885038319779404 0.9971956425558068
281 0.49854886891755135 0.45820324284841096 302 0.44921235157492134 0.4874912837460603
281 0.49854886891755135 0.45820324284841096 323 0.4773944490518739 0.5013038532730479
281 0.49854886891755135 0.45820324284841096 384 0.4621464241956753 0.4079509612080273
282 0.9571417606136265 0.24934408955161624 338 0.9103901927329617 0.2692567370133637
283 0.4517193060073573 0.10033038910666081 386 0.4286543822467078 0.15445122028704494
285 0.3304641200701046 0.433063643513277 319 0.2856476989274366 0.40852235202634135
285 0.3304641200701046 0.433063643513277 335 0.2876018788718694 0.40277133664133535
288 0.040376650198342134 0.7979946836013854 365 0.029127835205636443 0.7435926276473183
288 0.040376650198342134 0.7979946836013854 367 0.08634685495615857 0.8116081159491123
291 0.6680720384235989 0.5520583716300084 320 0.6282599717205866 0.5653638284511555
291 0.6680720384235989 0.5520583716300084 327 0.6644656416618804 0.5985559310654925
291 0.6680720384235989 0.5520583716300084 328 0.7017738083064549 0.5988514618199817
291 0.6680720384235989 0.5520583716300084 332 0.6241235630322322 0.5086621633328974
291 0.6680720384235989 0.5520583716300084 388 0.618285714061914 0.5934881097827098
292 0.23306517133733717 0.2860983095702334 362 0.20061758464822588 0.3076857592254961
292 0.23306517133733717 0.2860983095702334 378 0.23235214484927535 0.30599654032288337
293 0.9163498431798975 0.5163515009528149 349 0.9245881114417397 0.5654691579449643
294 0.12689435231925028 0.807753470696514 367 0.08634685495615857 0.8116081159491123
295 0.5066651538877669 0.7304328194235835 325 0.5174079776737416 0.7904504262901662
296 0.28079757861705523 0.5075961923625882 366 0.2223755011124552 0.5281688305289209
297 0.4235457802957038 0.30943049695486247 304 0.3772987771767281 0.3270081530855824
297 0.4235457802957038 0.30943049695486247 363 0.36762736474696234 0.2791084119557605
299 0.638149752752069 0.2122137525542509 393 0.5970565306130705 0.243254497852317
300 0.2114548342715401 0.6143415304250189 343 0.17477244298539218 0.5948869720585531
301 0.366534594392246 0.2173186982178612 363 0.36762736474696234 0.2791084119557605
301 0.366534594392246 0.2173186982178612 369 0.3100721034846238 0.19159798088647384
302 0.44921235157492134 0.4874912837460603 323 0.4773944490518739 0.5013038532730479
304 0.3772987771767281 0.3270081530855824 341 0.36165931799705664 0.37174712059403425
304 0.3772987771767281 0.3270081530855824 363 0.36762736474696234 0.2791084119557605
307 0.2540714934629319 0.058578256029981346 311 0.2670790524659101 0.05836298098787229
307 0.2540714934629319 0.058578256029981346 318 0.2847685766908069 0.05346263803195028
308 0.9116457817920728 0.9702934460360607 331 0.8665592431912098 0.958562207437023
309 0.5151540725301671 0.3631489873650229 352 0.5559252086459594 0.40774605673884234
309 0.5151540725301671 0.3631489873650229 368 0.5285532482356677 0.33667423639756633
310 0.27783878308120524 0.932925035513205 381 0.32979487505467875 0.9412382167690769
311 0.2670790524659101 0.05836298098787229 318 0.2847685766908069 0.05346263803195028
313 0.16338903122693893 0.23039821733787347 337 0.10308455949582529 0.23079117336247257
313 0.16338903122693893 0.23039821733787347 373 0.17759334933666637 0.2064179670740096
313 0.16338903122693893 0.23039821733787347 380 0.10102749804927502 0.2415720781328068
313 0.16338903122693893 0.23039821733787347 390 0.13029205941038102 0.18744630212453217
314 0.39620617933479685 0.022463755089491055 379 0.3632333829543929 0.01766594402659727
315 0.9545073714219778 0.12731972826181337 372 0.9280776287680799 0.07843150276879729
315 0.9545073714219778 0.12731972826181337 398 0.9272691473213828 0.11406966864017587
317 0.3721140384258449 0.7081942946636629 342 0.401032955005021 0.7656966645367609
319 0.2856476989274366 0.40852235202634135 335 0.2876018788718694 0.40277133664133535
320 0.6282599717205866 0.5653638284511555 327 0.6644656416618804 0.5985559310654925
320 0.6282599717205866 0.5653638284511555 332 0.6241235630322322 0.5086621633328974
320 0.6282599717205866 0.5653638284511555 388 0.618285714061914 0.5934881097827098
322 0.5669293383838904 0.5105064595412151 332 0.6241235630322322 0.5086621633328974
322 0.5669293383838904 0.5105064595412151 361 0.6028076691936242 0.46038391172761794
323 0.4773944490518739 0.5013038532730479 359 0.4755498892333988 0.5630552241443771
326 0.053152569547481376 0.48908968433944244 346 0.1115903008260295 0.47815485518555856
326 0.053152569547481376 0.48908968433944244 392 0.027848594887047273 0.44823689540516043
326 0.053152569547481376 0.48908968433944244 397 0.03465107969579717 0.486930738663125
327 0.6644656416618804 0.5985559310654925 328 0.7017738083064549 0.5988514618199817
327 0.6644656416618804 0.5985559310654925 388 0.618285714061914 0.5934881097827098
329 0.8240276663600784 0.4190989568465159 351 0.8102283664938196 0.43439079924736756
329 0.8240276663600784 0.4190989568465159 394 0.795018290372134 0.43461459287756066
329 0.8240276663600784 0.4190989568465159 396 0.8099372508796672 0.47858404522264564
330 0.9762929629019202 0.849074914708963 370 0.976176756105934 0.8200436960118924
330 0.9762929629019202 0.849074914708963 391 0.9382175891110403 0.8426788819407567
332 0.6241235630322322 0.5086621633328974 361 0.6028076691936242 0.46038391172761794
333 0.8743408390517629 0.573189286014886 349 0.9245881114417397 0.5654691579449643
336 0.9290094133032336 0.6285249783567018 349 0.9245881114417397 0.5654691579449643
337 0.10308455949582529 0.23079117336247257 380 0.10102749804927502 0.2415720781328068
337 0.10308455949582529 0.23079117336247257 390 0.13029205941038102 0.18744630212453217
339 0.23224612294501856 0.7809164665106304 389 0.29061179822428784 0.8070807657309353
340 0.7270084196740008 0.43292632038788725 360 0.7127959474985543 0.40607100158791043
350 0.4550826843306147 0.877213358789919 385 0.4369141479651355 0.9250518302655241
351 0.8102283664938196 0.43439079924736756 394 0.795018290372134 0.43461459287756066
351 0.8102283664938196 0.43439079924736756 396 0.8099372508796672 0.47858404522264564
354 0.5190477545620525 0.11546109812267391 355 0.5067686567135161 0.1399895650540306
354 0.5190477545620525 0.11546109812267391 383 0.5245010488545636 0.14718927692993855
355 0.5067686567135161 0.1399895650540306 383 0.5245010488545636 0.14718927692993855
357 0.4447726431974506 0.594810377334524 359 0.4755498892333988 0.5630552241443771
362 0.20061758464822588 0.3076857592254961 378 0.23235214484927535 0.30599654032288337
370 0.976176756105934 0.8200436960118924 391 0.9382175891110403 0.8426788819407567
372 0.9280776287680799 0.07843150276879729 398 0.9272691473213828 0.11406966864017587
373 0.17759334933666637 0.2064179670740096 390 0.13029205941038102 0.18744630212453217
374 0.08374210158099271 0.402610411341521 375 0.0328654238500935 0.4165603253347565
375 0.0328654238500935 0.4165603253347565 392 0.027848594887047273 0.44823689540516043
380 0.10102749804927502 0.2415720781328068 390 0.13029205941038102 0.18744630212453217
384 0.4621464241956753 0.4079509612080273 387 0.4335638525733203 0.40713195323242357
389 0.29061179822428784 0.8070807657309353 395 0.31654134325684 0.7978206485488558
392 0.027848594887047273 0.44823689540516043 397 0.03465107969579717 0.486930738663125
394 0.795018290372134 0.43461459287756066 396 0.8099372508796672 0.47858404522264564
