0 144
1 28
1 235
2 16
2 98
2 115
2 262
2 287
2 288
3 34
3 37
3 76
3 112
3 127
3 174
3 229
3 255
3 256
3 266
4 111
4 285
4 297
5 121
5 170
6 167
6 195
6 208
6 226
6 247
6 254
6 274
7 110
7 116
7 126
7 134
7 153
7 211
7 283
7 284
8 22
8 85
8 169
8 265
8 272
8 277
9 78
9 214
9 259
10 14
10 24
10 250
11 59
11 82
11 156
11 210
11 215
11 219
11 225
11 276
12 59
12 72
12 82
12 162
12 210
12 225
13 21
13 39
13 51
13 58
13 91
13 119
13 242
14 24
14 27
14 250
15 113
15 137
15 289
16 141
16 262
16 288
17 36
17 184
17 260
17 263
18 74
18 149
18 184
18 227
18 263
19 54
20 41
20 45
20 57
20 86
20 97
20 130
20 158
20 282
21 39
21 51
21 58
21 91
21 119
21 242
22 85
22 145
22 207
22 230
22 248
22 271
22 277
23 54
23 68
23 70
23 73
23 104
23 131
23 169
23 296
24 208
24 247
24 250
24 274
25 35
25 87
25 151
25 176
25 293
26 44
26 90
26 159
26 165
26 178
26 290
26 294
27 166
27 187
27 224
27 250
28 167
28 195
28 235
29 110
29 120
29 128
29 153
29 204
29 267
29 283
30 53
30 85
30 248
31 46
31 79
31 93
31 114
31 175
31 186
31 252
31 270
32 154
32 176
32 193
32 203
33 62
33 64
33 79
33 114
33 180
34 37
34 76
34 127
34 174
34 229
34 255
34 256
34 266
35 151
35 293
36 160
36 260
37 76
37 112
37 127
37 229
37 255
37 256
38 70
38 96
38 188
38 191
38 265
39 51
39 58
39 91
39 119
39 143
39 242
40 108
40 122
40 139
40 191
40 192
40 194
40 216
41 45
41 48
41 97
41 130
41 158
41 179
41 217
41 257
41 258
41 275
42 59
42 82
42 150
42 156
42 162
42 172
42 197
42 209
43 53
43 69
43 213
44 90
44 159
44 165
44 178
44 234
44 290
44 294
45 48
45 86
45 130
45 158
45 160
45 179
45 217
45 258
45 275
46 175
46 186
46 252
46 270
47 152
47 164
47 245
48 83
48 179
48 217
48 257
48 258
48 275
49 234
50 135
50 140
50 268
50 281
50 292
51 58
51 119
51 143
51 221
51 242
52 138
52 280
52 298
53 69
54 68
54 70
54 73
54 104
54 131
54 296
55 241
55 279
56 155
56 260
57 86
57 130
57 174
57 266
57 282
58 91
58 117
58 119
58 133
58 143
58 242
58 251
59 72
59 82
59 150
59 156
59 162
59 197
59 209
59 210
59 225
60 63
60 65
60 88
60 147
60 163
61 84
61 92
61 200
61 212
61 245
62 64
62 78
62 114
62 180
62 239
62 259
63 88
63 147
64 79
64 114
64 180
64 252
65 95
65 96
65 147
65 163
65 218
66 142
66 199
66 295
67 177
67 196
68 73
68 104
68 131
70 73
70 104
70 131
70 169
70 296
71 86
71 160
71 202
72 82
72 143
72 162
72 209
72 221
73 104
73 131
73 169
73 296
74 125
74 149
74 184
74 227
74 263
75 89
75 102
75 115
75 168
75 243
75 253
75 273
75 287
76 112
76 127
76 229
76 255
76 256
76 266
77 136
77 157
77 229
77 286
78 214
78 239
78 259
79 114
79 175
79 252
79 259
80 90
80 171
80 290
81 101
81 106
81 128
81 173
81 205
81 286
82 150
82 156
82 162
82 209
82 210
82 225
83 179
83 217
83 257
83 258
83 275
84 124
84 149
84 212
84 245
85 207
85 248
85 277
86 130
86 158
87 164
87 285
87 293
87 298
88 147
88 163
89 140
89 168
89 243
89 273
90 234
90 290
90 294
91 117
91 119
91 133
91 214
91 242
91 251
92 200
92 245
93 175
93 206
93 228
94 100
94 201
94 261
94 299
95 96
95 163
95 218
95 265
96 163
96 188
96 192
96 216
96 218
96 265
97 130
97 142
97 158
97 199
97 295
98 102
98 115
98 287
98 288
99 105
99 123
99 183
99 186
99 249
99 269
100 261
100 299
101 144
101 173
102 115
102 243
102 287
102 288
103 166
103 187
104 131
104 169
104 296
105 146
105 183
105 190
105 203
105 249
105 269
106 128
106 205
106 286
107 111
107 113
107 185
107 244
107 297
108 122
108 139
108 191
108 192
108 194
108 216
109 126
109 181
109 231
109 264
109 279
109 284
110 118
110 120
110 153
110 267
110 283
111 138
111 185
111 244
111 297
112 127
112 255
112 256
112 266
113 137
113 185
113 244
113 297
114 180
114 252
115 243
115 273
115 287
115 288
116 211
116 264
116 284
117 133
117 143
117 162
117 209
117 251
118 267
118 299
119 133
119 242
119 251
120 128
120 136
120 153
120 157
120 204
120 283
120 286
121 170
121 238
122 139
122 194
122 216
123 135
123 233
123 249
124 149
124 212
125 149
125 155
125 227
125 236
126 134
126 181
126 231
126 284
127 229
127 255
127 256
128 204
128 205
128 286
129 167
129 201
130 158
130 282
130 295
131 296
132 239
132 248
133 214
133 242
133 251
134 181
134 231
134 261
135 233
135 249
135 268
135 292
136 157
136 229
136 283
136 286
137 244
137 289
138 280
138 298
139 194
140 168
140 253
140 268
140 281
140 292
141 161
141 198
141 222
141 232
141 240
141 262
142 174
142 199
142 282
143 162
143 209
143 221
145 182
145 207
145 220
145 230
145 238
145 271
145 277
146 183
146 190
146 193
146 203
146 241
146 269
147 163
148 246
148 253
148 281
149 212
150 156
150 162
150 172
150 197
150 209
151 293
152 202
152 223
153 157
153 211
153 283
154 176
154 193
154 203
155 236
156 172
156 197
156 210
156 225
156 276
157 229
157 283
158 217
158 258
158 295
159 165
159 178
159 290
159 294
160 202
161 198
161 232
161 240
162 209
164 285
165 178
165 294
166 187
166 224
167 195
167 226
167 235
168 243
168 253
168 273
168 281
169 265
169 272
169 296
172 197
172 206
172 228
172 246
174 255
174 256
174 266
174 282
176 203
176 293
177 187
177 196
178 294
179 217
179 257
179 258
179 275
181 231
181 261
182 207
182 220
182 230
182 238
182 271
182 277
183 190
183 241
183 269
184 227
184 263
185 244
185 297
186 270
187 224
188 191
188 192
188 216
188 265
189 233
190 193
190 203
190 241
190 269
191 192
191 194
191 216
192 194
192 216
193 203
193 241
194 216
195 226
195 235
197 228
198 232
198 240
199 295
200 245
201 299
202 223
204 286
205 286
206 228
206 246
207 220
207 230
207 238
207 271
207 277
208 247
208 250
208 254
208 274
210 215
210 219
210 225
210 276
211 283
211 284
212 245
214 239
214 251
214 259
215 219
215 225
217 257
217 258
217 275
218 265
219 225
219 276
220 238
220 271
220 277
222 232
222 240
222 278
225 276
226 247
226 291
227 263
228 246
229 255
229 256
229 266
230 238
230 271
230 277
231 261
232 240
233 249
233 292
234 294
237 291
238 271
241 269
242 251
243 253
243 273
243 287
244 297
246 281
247 254
247 274
250 274
252 270
253 273
253 281
254 274
255 256
255 266
256 266
257 258
257 275
258 275
261 299
262 288
264 279
264 284
265 272
266 282
267 299
268 281
268 292
271 277
273 287
280 298
281 292
285 298
287 288
290 294
